(n, l, m)
(1, 0, 0): 2.28787794e-25	4.32484480e-13	2.04315854e-13
(2, 0, 0): 1.09404512e-21	2.03451623e-11	-2.60791006e-11
(3, 0, 0): 3.97729441e-11	-5.59721837e-06	2.90587175e-06
(4, 0, 0): 5.06442627e-05	2.59882833e-03	-6.62497955e-03

(2, 1, 0): 2.09339027e-24	8.52200221e-13	-1.16924978e-12
(3, 1, 0): 7.64293117e-01	-8.62622425e-01	-1.42041083e-01
(4, 1, 0): 1.39984236e-04	9.45164903e-03	-7.11692113e-03

(3, 2, 0): 4.06864751e-04	1.03186511e-02	-1.73317682e-02
(4, 2, 0): 7.11193124e-05	6.77887816e-03	5.01658483e-03

(4, 3, 0): 8.12076623e-05	3.97500151e-03	8.08746099e-03


