(n, l, m)
(1, 0, 0): 4.38474455e-23	-1.35505787e-12	-6.48160965e-12
(2, 0, 0): 6.79995251e-13	-2.87931082e-07	7.72716599e-07
(3, 0, 0): 6.37812000e-11	3.43849983e-06	-7.20818416e-06
(4, 0, 0): 2.16866855e-10	4.64616647e-07	1.47190688e-05

(2, 1, 0): 9.99999872e-01	-4.52841057e-01	-8.91591189e-01
(3, 1, 0): 2.45347773e-11	-3.47092470e-06	3.53375989e-06
(4, 1, 0): 6.43242422e-11	-4.29522500e-06	6.77312959e-06

(3, 2, 0): 2.25822561e-11	-1.60854510e-06	4.47155887e-06
(4, 2, 0): 1.09004759e-10	-9.69214107e-06	3.88164402e-06

(4, 3, 0): 5.18696520e-10	1.42066119e-05	-1.78008061e-05


