(n, l, m)
(1, 0, 0): 7.70180111e-22	-2.60357910e-11	-9.60820993e-12
(2, 0, 0): 8.52878038e-13	7.19601391e-07	5.78836657e-07
(3, 0, 0): 1.44227703e-10	1.20088583e-05	1.22581554e-07
(4, 0, 0): 1.73343937e-10	-1.11124662e-05	7.06095129e-06

(2, 1, 0): 9.99999862e-01	9.94382810e-01	-1.05842757e-01
(3, 1, 0): 1.05344206e-11	3.07127866e-06	-1.04960371e-06
(4, 1, 0): 7.59641027e-11	7.60036143e-06	-4.26598276e-06

(3, 2, 0): 9.92213602e-11	9.58495886e-06	-2.71107431e-06
(4, 2, 0): 1.29448098e-10	1.12691768e-05	1.56644610e-06

(4, 3, 0): 3.51624145e-10	1.86715053e-05	1.73177175e-06


