(n, l, m)
(1, 0, 0): 7.70125473e-22	-2.60358521e-11	-9.60520065e-12
(2, 0, 0): 8.52878000e-13	7.19601425e-07	5.78836583e-07
(3, 0, 0): 1.52606191e-10	1.23500238e-05	-2.88275720e-07
(4, 0, 0): 1.74728937e-10	-1.12056905e-05	7.01152181e-06

(2, 1, 0): 9.99999855e-01	9.94382790e-01	-1.05842913e-01
(3, 1, 0): 1.21135842e-11	2.83201839e-06	-2.02317968e-06
(4, 1, 0): 7.20591612e-11	7.09473048e-06	-4.66089697e-06

(3, 2, 0): 9.13451117e-11	9.01029873e-06	-3.18741721e-06
(4, 2, 0): 1.35179840e-10	1.15611057e-05	1.23315690e-06

(4, 3, 0): 3.17435149e-10	1.76925153e-05	2.10001178e-06


