(n, l, m)
(1, 0, 0): 7.70965938e-22	2.60508138e-11	9.60838379e-12
(2, 0, 0): 8.52874116e-13	-7.19597969e-07	-5.78837524e-07
(3, 0, 0): 1.53342809e-10	-1.23741185e-05	4.73285904e-07
(4, 0, 0): 1.70657606e-10	1.11486990e-05	-6.80912009e-06

(2, 1, 0): 9.99999855e-01	9.94382833e-01	-1.05842505e-01
(3, 1, 0): 1.02277584e-11	2.63583340e-06	-1.81111588e-06
(4, 1, 0): 7.63900898e-11	7.21710642e-06	-4.92985443e-06

(3, 2, 0): 9.70465660e-11	9.26314481e-06	-3.35271743e-06
(4, 2, 0): 1.23672531e-10	1.10227185e-05	1.47384119e-06

(4, 3, 0): 3.11128663e-10	1.74760819e-05	2.39065358e-06


