0	0	0	0
0.1	-9.60995e-10	0	0
0.2	-8.29535e-09	0	0
0.3	-3.12227e-08	0	0
0.4	-8.16571e-08	0	0
0.5	-1.74124e-07	0	0
0.6	-3.25794e-07	0	0
0.7	-5.55083e-07	0	0
0.8	-8.80711e-07	0	0
0.9	-1.32196e-06	0	0
1	-1.90005e-06	0	0
1.1	-2.63787e-06	0	0
1.2	-3.55891e-06	0	0
1.3	-4.68633e-06	0	0
1.4	-6.04363e-06	0	0
1.5	-7.65482e-06	0	0
1.6	-9.54357e-06	0	0
1.7	-1.17324e-05	0	0
1.8	-1.42434e-05	0	0
1.9	-1.70996e-05	0	0
2	-2.0325e-05	0	0
2.1	-2.39436e-05	0	0
2.2	-2.79786e-05	0	0
2.3	-3.24529e-05	0	0
2.4	-3.73893e-05	0	0
2.5	-4.28094e-05	0	0
2.6	-4.87326e-05	0	0
2.7	-5.51771e-05	0	0
2.8	-6.21612e-05	0	0
2.9	-6.97038e-05	0	0
3	-7.78234e-05	0	0
3.1	-8.65377e-05	0	0
3.2	-9.58644e-05	0	0
3.3	-0.000105821	0	0
3.4	-0.000116424	0	0
3.5	-0.000127686	0	0
3.6	-0.000139621	0	0
3.7	-0.000152238	0	0
3.8	-0.00016555	0	0
3.9	-0.000179566	0	0
4	-0.000194296	0	0
4.1	-0.000209749	0	0
4.2	-0.000225935	0	0
4.3	-0.000242863	0	0
4.4	-0.000260538	0	0
4.5	-0.000278964	0	0
4.6	-0.000298145	0	0
4.7	-0.000318083	0	0
4.8	-0.000338781	0	0
4.9	-0.000360238	0	0
5	-0.000382455	0	0
5.1	-0.000405432	0	0
5.2	-0.00042917	0	0
5.3	-0.000453665	0	0
5.4	-0.000478914	0	0
5.5	-0.00050491	0	0
5.6	-0.000531648	0	0
5.7	-0.000559121	0	0
5.8	-0.000587319	0	0
5.9	-0.000616235	0	0
6	-0.00064586	0	0
6.1	-0.000676185	0	0
6.2	-0.000707201	0	0
6.3	-0.000738893	0	0
6.4	-0.000771249	0	0
6.5	-0.000804255	0	0
6.6	-0.000837894	0	0
6.7	-0.000872149	0	0
6.8	-0.000907004	0	0
6.9	-0.000942442	0	0
7	-0.000978446	0	0
7.1	-0.001015	0	0
7.2	-0.00105208	0	0
7.3	-0.00108967	0	0
7.4	-0.00112775	0	0
7.5	-0.00116629	0	0
7.6	-0.00120527	0	0
7.7	-0.00124467	0	0
7.8	-0.00128446	0	0
7.9	-0.00132461	0	0
8	-0.00136511	0	0
8.1	-0.00140593	0	0
8.2	-0.00144705	0	0
8.3	-0.00148843	0	0
8.4	-0.00153004	0	0
8.5	-0.00157187	0	0
8.6	-0.00161387	0	0
8.7	-0.00165602	0	0
8.8	-0.0016983	0	0
8.9	-0.00174066	0	0
9	-0.00178309	0	0
9.1	-0.00182555	0	0
9.2	-0.00186801	0	0
9.3	-0.00191044	0	0
9.4	-0.00195281	0	0
9.5	-0.00199508	0	0
9.6	-0.00203722	0	0
9.7	-0.0020792	0	0
9.8	-0.00212098	0	0
9.9	-0.00216254	0	0
10	-0.00220385	0	0
10.1	-0.00224486	0	0
10.2	-0.00228555	0	0
10.3	-0.00232589	0	0
10.4	-0.00236583	0	0
10.5	-0.00240534	0	0
10.6	-0.0024444	0	0
10.7	-0.00248296	0	0
10.8	-0.002521	0	0
10.9	-0.00255848	0	0
11	-0.00259537	0	0
11.1	-0.00263164	0	0
11.2	-0.00266725	0	0
11.3	-0.00270217	0	0
11.4	-0.00273637	0	0
11.5	-0.00276982	0	0
11.6	-0.00280247	0	0
11.7	-0.00283431	0	0
11.8	-0.00286529	0	0
11.9	-0.00289539	0	0
12	-0.00292458	0	0
12.1	-0.00295283	0	0
12.2	-0.00298011	0	0
12.3	-0.00300638	0	0
12.4	-0.00303162	0	0
12.5	-0.00305579	0	0
12.6	-0.00307888	0	0
12.7	-0.00310084	0	0
12.8	-0.00312165	0	0
12.9	-0.00314129	0	0
13	-0.00315973	0	0
13.1	-0.00317695	0	0
13.2	-0.00319291	0	0
13.3	-0.0032076	0	0
13.4	-0.00322098	0	0
13.5	-0.00323303	0	0
13.6	-0.00324373	0	0
13.7	-0.00325306	0	0
13.8	-0.003261	0	0
13.9	-0.00326752	0	0
14	-0.0032726	0	0
14.1	-0.00327623	0	0
14.2	-0.00327838	0	0
14.3	-0.00327904	0	0
14.4	-0.00327819	0	0
14.5	-0.0032758	0	0
14.6	-0.00327186	0	0
14.7	-0.00326636	0	0
14.8	-0.00325928	0	0
14.9	-0.00325062	0	0
15	-0.00324034	0	0
15.1	-0.00322846	0	0
15.2	-0.00321494	0	0
15.3	-0.00319977	0	0
15.4	-0.00318296	0	0
15.5	-0.00316448	0	0
15.6	-0.00314432	0	0
15.7	-0.00312249	0	0
15.8	-0.00309897	0	0
15.9	-0.00307376	0	0
16	-0.00304686	0	0
16.1	-0.00301825	0	0
16.2	-0.00298793	0	0
16.3	-0.0029559	0	0
16.4	-0.00292215	0	0
16.5	-0.00288669	0	0
16.6	-0.0028495	0	0
16.7	-0.0028106	0	0
16.8	-0.00276999	0	0
16.9	-0.00272766	0	0
17	-0.00268362	0	0
17.1	-0.00263787	0	0
17.2	-0.0025904	0	0
17.3	-0.00254124	0	0
17.4	-0.00249038	0	0
17.5	-0.00243782	0	0
17.6	-0.00238357	0	0
17.7	-0.00232765	0	0
17.8	-0.00227007	0	0
17.9	-0.00221082	0	0
18	-0.00214992	0	0
18.1	-0.00208737	0	0
18.2	-0.0020232	0	0
18.3	-0.0019574	0	0
18.4	-0.00189	0	0
18.5	-0.001821	0	0
18.6	-0.00175041	0	0
18.7	-0.00167827	0	0
18.8	-0.00160457	0	0
18.9	-0.00152933	0	0
19	-0.00145257	0	0
19.1	-0.00137431	0	0
19.2	-0.00129456	0	0
19.3	-0.00121333	0	0
19.4	-0.00113065	0	0
19.5	-0.00104654	0	0
19.6	-0.000961007	0	0
19.7	-0.000874084	0	0
19.8	-0.000785788	0	0
19.9	-0.000696137	0	0
20	-0.000605153	0	0
20.1	-0.000512856	0	0
20.2	-0.000419267	0	0
20.3	-0.000324407	0	0
20.4	-0.000228301	0	0
20.5	-0.000130973	0	0
20.6	-3.24477e-05	0	0
20.7	6.72515e-05	0	0
20.8	0.0001681	0	0
20.9	0.000270074	0	0
21	0.000373149	0	0
21.1	0.000477303	0	0
21.2	0.000582509	0	0
21.3	0.000688743	0	0
21.4	0.000795975	0	0
21.5	0.00090418	0	0
21.6	0.00101333	0	0
21.7	0.0011234	0	0
21.8	0.00123436	0	0
21.9	0.00134619	0	0
22	0.00145885	0	0
22.1	0.00157233	0	0
22.2	0.0016866	0	0
22.3	0.00180162	0	0
22.4	0.00191737	0	0
22.5	0.00203382	0	0
22.6	0.00215094	0	0
22.7	0.0022687	0	0
22.8	0.00238708	0	0
22.9	0.00250604	0	0
23	0.00262557	0	0
23.1	0.00274563	0	0
23.2	0.00286619	0	0
23.3	0.00298722	0	0
23.4	0.0031087	0	0
23.5	0.0032306	0	0
23.6	0.00335288	0	0
23.7	0.00347551	0	0
23.8	0.00359848	0	0
23.9	0.00372175	0	0
24	0.0038453	0	0
24.1	0.00396909	0	0
24.2	0.0040931	0	0
24.3	0.0042173	0	0
24.4	0.00434166	0	0
24.5	0.00446615	0	0
24.6	0.00459074	0	0
24.7	0.0047154	0	0
24.8	0.00484011	0	0
24.9	0.00496484	0	0
25	0.00508956	0	0
25.1	0.00521425	0	0
25.2	0.00533888	0	0
25.3	0.00546341	0	0
25.4	0.00558782	0	0
25.5	0.00571209	0	0
25.6	0.00583618	0	0
25.7	0.00596007	0	0
25.8	0.00608373	0	0
25.9	0.00620713	0	0
26	0.00633026	0	0
26.1	0.00645308	0	0
26.2	0.00657557	0	0
26.3	0.0066977	0	0
26.4	0.00681943	0	0
26.5	0.00694076	0	0
26.6	0.00706164	0	0
26.7	0.00718206	0	0
26.8	0.00730199	0	0
26.9	0.00742141	0	0
27	0.00754029	0	0
27.1	0.0076586	0	0
27.2	0.00777632	0	0
27.3	0.00789343	0	0
27.4	0.0080099	0	0
27.5	0.0081257	0	0
27.6	0.00824081	0	0
27.7	0.00835521	0	0
27.8	0.00846887	0	0
27.9	0.00858177	0	0
28	0.0086939	0	0
28.1	0.00880521	0	0
28.2	0.00891569	0	0
28.3	0.00902532	0	0
28.4	0.00913407	0	0
28.5	0.00924191	0	0
28.6	0.00934884	0	0
28.7	0.00945481	0	0
28.8	0.00955982	0	0
28.9	0.00966384	0	0
29	0.00976685	0	0
29.1	0.00986883	0	0
29.2	0.00996974	0	0
29.3	0.0100696	0	0
29.4	0.0101683	0	0
29.5	0.0102659	0	0
29.6	0.0103624	0	0
29.7	0.0104577	0	0
29.8	0.0105518	0	0
29.9	0.0106447	0	0
30	0.0107364	0	0
30.1	0.0108268	0	0
30.2	0.010916	0	0
30.3	0.0110038	0	0
30.4	0.0110904	0	0
30.5	0.0111756	0	0
30.6	0.0112594	0	0
30.7	0.0113419	0	0
30.8	0.011423	0	0
30.9	0.0115027	0	0
31	0.0115809	0	0
31.1	0.0116577	0	0
31.2	0.011733	0	0
31.3	0.0118068	0	0
31.4	0.0118791	0	0
31.5	0.0119498	0	0
31.6	0.012019	0	0
31.7	0.0120866	0	0
31.8	0.0121526	0	0
31.9	0.012217	0	0
32	0.0122797	0	0
32.1	0.0123408	0	0
32.2	0.0124002	0	0
32.3	0.0124579	0	0
32.4	0.0125138	0	0
32.5	0.012568	0	0
32.6	0.0126205	0	0
32.7	0.0126711	0	0
32.8	0.01272	0	0
32.9	0.012767	0	0
33	0.0128122	0	0
33.1	0.0128555	0	0
33.2	0.0128969	0	0
33.3	0.0129364	0	0
33.4	0.012974	0	0
33.5	0.0130096	0	0
33.6	0.0130432	0	0
33.7	0.0130749	0	0
33.8	0.0131045	0	0
33.9	0.013132	0	0
34	0.0131575	0	0
34.1	0.0131809	0	0
34.2	0.0132022	0	0
34.3	0.0132214	0	0
34.4	0.0132383	0	0
34.5	0.0132532	0	0
34.6	0.0132658	0	0
34.7	0.0132761	0	0
34.8	0.0132843	0	0
34.9	0.0132901	0	0
35	0.0132937	0	0
35.1	0.0132949	0	0
35.2	0.0132938	0	0
35.3	0.0132903	0	0
35.4	0.0132844	0	0
35.5	0.0132761	0	0
35.6	0.0132653	0	0
35.7	0.0132521	0	0
35.8	0.0132364	0	0
35.9	0.0132181	0	0
36	0.0131973	0	0
36.1	0.013174	0	0
36.2	0.013148	0	0
36.3	0.0131195	0	0
36.4	0.0130883	0	0
36.5	0.0130544	0	0
36.6	0.0130178	0	0
36.7	0.0129786	0	0
36.8	0.0129365	0	0
36.9	0.0128917	0	0
37	0.0128442	0	0
37.1	0.0127938	0	0
37.2	0.0127405	0	0
37.3	0.0126844	0	0
37.4	0.0126254	0	0
37.5	0.0125635	0	0
37.6	0.0124987	0	0
37.7	0.0124309	0	0
37.8	0.0123601	0	0
37.9	0.0122864	0	0
38	0.0122096	0	0
38.1	0.0121297	0	0
38.2	0.0120468	0	0
38.3	0.0119608	0	0
38.4	0.0118717	0	0
38.5	0.0117795	0	0
38.6	0.0116841	0	0
38.7	0.0115856	0	0
38.8	0.0114839	0	0
38.9	0.011379	0	0
39	0.0112708	0	0
39.1	0.0111594	0	0
39.2	0.0110448	0	0
39.3	0.0109269	0	0
39.4	0.0108058	0	0
39.5	0.0106814	0	0
39.6	0.0105536	0	0
39.7	0.0104226	0	0
39.8	0.0102882	0	0
39.9	0.0101505	0	0
40	0.0100095	0	0
40.1	0.00986513	0	0
40.2	0.00971741	0	0
40.3	0.00956635	0	0
40.4	0.00941193	0	0
40.5	0.00925416	0	0
40.6	0.00909303	0	0
40.7	0.00892855	0	0
40.8	0.00876071	0	0
40.9	0.00858952	0	0
41	0.00841498	0	0
41.1	0.00823711	0	0
41.2	0.00805589	0	0
41.3	0.00787136	0	0
41.4	0.00768352	0	0
41.5	0.00749237	0	0
41.6	0.00729793	0	0
41.7	0.00710022	0	0
41.8	0.00689925	0	0
41.9	0.00669504	0	0
42	0.0064876	0	0
42.1	0.00627696	0	0
42.2	0.00606315	0	0
42.3	0.00584618	0	0
42.4	0.00562609	0	0
42.5	0.00540289	0	0
42.6	0.00517662	0	0
42.7	0.0049473	0	0
42.8	0.00471497	0	0
42.9	0.00447966	0	0
43	0.00424141	0	0
43.1	0.00400025	0	0
43.2	0.00375622	0	0
43.3	0.00350937	0	0
43.4	0.00325973	0	0
43.5	0.00300734	0	0
43.6	0.00275226	0	0
43.7	0.00249452	0	0
43.8	0.00223417	0	0
43.9	0.00197126	0	0
44	0.00170584	0	0
44.1	0.00143797	0	0
44.2	0.00116769	0	0
44.3	0.000895071	0	0
44.4	0.00062016	0	0
44.5	0.000343016	0	0
44.6	6.36948e-05	0	0
44.7	-0.000217744	0	0
44.8	-0.000501238	0	0
44.9	-0.000786723	0	0
45	-0.00107414	0	0
45.1	-0.00136341	0	0
45.2	-0.00165448	0	0
45.3	-0.00194728	0	0
45.4	-0.00224173	0	0
45.5	-0.00253778	0	0
45.6	-0.00283535	0	0
45.7	-0.00313437	0	0
45.8	-0.00343477	0	0
45.9	-0.00373647	0	0
46	-0.0040394	0	0
46.1	-0.00434349	0	0
46.2	-0.00464865	0	0
46.3	-0.00495482	0	0
46.4	-0.00526192	0	0
46.5	-0.00556986	0	0
46.6	-0.00587858	0	0
46.7	-0.00618799	0	0
46.8	-0.00649802	0	0
46.9	-0.00680858	0	0
47	-0.0071196	0	0
47.1	-0.007431	0	0
47.2	-0.00774268	0	0
47.3	-0.00805459	0	0
47.4	-0.00836662	0	0
47.5	-0.00867872	0	0
47.6	-0.00899079	0	0
47.7	-0.00930275	0	0
47.8	-0.00961453	0	0
47.9	-0.00992605	0	0
48	-0.0102372	0	0
48.1	-0.0105479	0	0
48.2	-0.0108582	0	0
48.3	-0.0111678	0	0
48.4	-0.0114768	0	0
48.5	-0.011785	0	0
48.6	-0.0120925	0	0
48.7	-0.012399	0	0
48.8	-0.0127046	0	0
48.9	-0.0130091	0	0
49	-0.0133124	0	0
49.1	-0.0136146	0	0
49.2	-0.0139155	0	0
49.3	-0.0142151	0	0
49.4	-0.0145133	0	0
49.5	-0.01481	0	0
49.6	-0.0151051	0	0
49.7	-0.0153986	0	0
49.8	-0.0156904	0	0
49.9	-0.0159805	0	0
50	-0.0162687	0	0
50.1	-0.0165551	0	0
50.2	-0.0168395	0	0
50.3	-0.0171219	0	0
50.4	-0.0174023	0	0
50.5	-0.0176805	0	0
50.6	-0.0179566	0	0
50.7	-0.0182305	0	0
50.8	-0.018502	0	0
50.9	-0.0187713	0	0
51	-0.0190382	0	0
51.1	-0.0193026	0	0
51.2	-0.0195646	0	0
51.3	-0.019824	0	0
51.4	-0.0200809	0	0
51.5	-0.0203353	0	0
51.6	-0.020587	0	0
51.7	-0.020836	0	0
51.8	-0.0210823	0	0
51.9	-0.0213259	0	0
52	-0.0215667	0	0
52.1	-0.0218048	0	0
52.2	-0.02204	0	0
52.3	-0.0222724	0	0
52.4	-0.022502	0	0
52.5	-0.0227286	0	0
52.6	-0.0229524	0	0
52.7	-0.0231733	0	0
52.8	-0.0233912	0	0
52.9	-0.0236062	0	0
53	-0.0238183	0	0
53.1	-0.0240274	0	0
53.2	-0.0242335	0	0
53.3	-0.0244367	0	0
53.4	-0.0246369	0	0
53.5	-0.0248342	0	0
53.6	-0.0250285	0	0
53.7	-0.0252198	0	0
53.8	-0.0254082	0	0
53.9	-0.0255936	0	0
54	-0.025776	0	0
54.1	-0.0259555	0	0
54.2	-0.0261321	0	0
54.3	-0.0263058	0	0
54.4	-0.0264766	0	0
54.5	-0.0266444	0	0
54.6	-0.0268094	0	0
54.7	-0.0269716	0	0
54.8	-0.0271308	0	0
54.9	-0.0272873	0	0
55	-0.0274409	0	0
55.1	-0.0275917	0	0
55.2	-0.0277397	0	0
55.3	-0.027885	0	0
55.4	-0.0280274	0	0
55.5	-0.0281672	0	0
55.6	-0.0283042	0	0
55.7	-0.0284386	0	0
55.8	-0.0285702	0	0
55.9	-0.0286991	0	0
56	-0.0288254	0	0
56.1	-0.028949	0	0
56.2	-0.02907	0	0
56.3	-0.0291883	0	0
56.4	-0.029304	0	0
56.5	-0.0294171	0	0
56.6	-0.0295276	0	0
56.7	-0.0296355	0	0
56.8	-0.0297407	0	0
56.9	-0.0298433	0	0
57	-0.0299433	0	0
57.1	-0.0300407	0	0
57.2	-0.0301355	0	0
57.3	-0.0302276	0	0
57.4	-0.030317	0	0
57.5	-0.0304038	0	0
57.6	-0.0304879	0	0
57.7	-0.0305692	0	0
57.8	-0.0306478	0	0
57.9	-0.0307237	0	0
58	-0.0307967	0	0
58.1	-0.0308669	0	0
58.2	-0.0309342	0	0
58.3	-0.0309985	0	0
58.4	-0.0310599	0	0
58.5	-0.0311183	0	0
58.6	-0.0311736	0	0
58.7	-0.0312258	0	0
58.8	-0.0312748	0	0
58.9	-0.0313205	0	0
59	-0.0313629	0	0
59.1	-0.0314019	0	0
59.2	-0.0314374	0	0
59.3	-0.0314694	0	0
59.4	-0.0314978	0	0
59.5	-0.0315225	0	0
59.6	-0.0315433	0	0
59.7	-0.0315603	0	0
59.8	-0.0315734	0	0
59.9	-0.0315823	0	0
60	-0.0315871	0	0
60.1	-0.0315876	0	0
60.2	-0.0315838	0	0
60.3	-0.0315755	0	0
60.4	-0.0315626	0	0
60.5	-0.031545	0	0
60.6	-0.0315227	0	0
60.7	-0.0314955	0	0
60.8	-0.0314632	0	0
60.9	-0.0314259	0	0
61	-0.0313833	0	0
61.1	-0.0313354	0	0
61.2	-0.031282	0	0
61.3	-0.0312231	0	0
61.4	-0.0311586	0	0
61.5	-0.0310882	0	0
61.6	-0.031012	0	0
61.7	-0.0309298	0	0
61.8	-0.0308415	0	0
61.9	-0.030747	0	0
62	-0.0306463	0	0
62.1	-0.0305391	0	0
62.2	-0.0304255	0	0
62.3	-0.0303053	0	0
62.4	-0.0301784	0	0
62.5	-0.0300448	0	0
62.6	-0.0299044	0	0
62.7	-0.0297571	0	0
62.8	-0.0296028	0	0
62.9	-0.0294414	0	0
63	-0.029273	0	0
63.1	-0.0290974	0	0
63.2	-0.0289146	0	0
63.3	-0.0287245	0	0
63.4	-0.0285271	0	0
63.5	-0.0283224	0	0
63.6	-0.0281102	0	0
63.7	-0.0278907	0	0
63.8	-0.0276638	0	0
63.9	-0.0274294	0	0
64	-0.0271876	0	0
64.1	-0.0269383	0	0
64.2	-0.0266816	0	0
64.3	-0.0264174	0	0
64.4	-0.0261459	0	0
64.5	-0.0258669	0	0
64.6	-0.0255805	0	0
64.7	-0.0252868	0	0
64.8	-0.0249858	0	0
64.9	-0.0246775	0	0
65	-0.024362	0	0
65.1	-0.0240393	0	0
65.2	-0.0237096	0	0
65.3	-0.0233728	0	0
65.4	-0.023029	0	0
65.5	-0.0226784	0	0
65.6	-0.0223209	0	0
65.7	-0.0219568	0	0
65.8	-0.021586	0	0
65.9	-0.0212086	0	0
66	-0.0208248	0	0
66.1	-0.0204347	0	0
66.2	-0.0200384	0	0
66.3	-0.0196359	0	0
66.4	-0.0192273	0	0
66.5	-0.0188129	0	0
66.6	-0.0183927	0	0
66.7	-0.0179668	0	0
66.8	-0.0175354	0	0
66.9	-0.0170986	0	0
67	-0.0166565	0	0
67.1	-0.0162091	0	0
67.2	-0.0157568	0	0
67.3	-0.0152995	0	0
67.4	-0.0148375	0	0
67.5	-0.0143708	0	0
67.6	-0.0138995	0	0
67.7	-0.0134239	0	0
67.8	-0.0129441	0	0
67.9	-0.0124601	0	0
68	-0.0119721	0	0
68.1	-0.0114803	0	0
68.2	-0.0109847	0	0
68.3	-0.0104855	0	0
68.4	-0.00998289	0	0
68.5	-0.00947693	0	0
68.6	-0.00896776	0	0
68.7	-0.00845553	0	0
68.8	-0.00794036	0	0
68.9	-0.00742237	0	0
69	-0.0069017	0	0
69.1	-0.00637846	0	0
69.2	-0.00585278	0	0
69.3	-0.00532479	0	0
69.4	-0.00479462	0	0
69.5	-0.00426237	0	0
69.6	-0.00372819	0	0
69.7	-0.00319218	0	0
69.8	-0.00265448	0	0
69.9	-0.00211519	0	0
70	-0.00157445	0	0
70.1	-0.00103237	0	0
70.2	-0.000489069	0	0
70.3	5.53303e-05	0	0
70.4	0.000600708	0	0
70.5	0.00114695	0	0
70.6	0.00169392	0	0
70.7	0.00224152	0	0
70.8	0.00278962	0	0
70.9	0.0033381	0	0
71	0.00388684	0	0
71.1	0.00443572	0	0
71.2	0.00498461	0	0
71.3	0.0055334	0	0
71.4	0.00608196	0	0
71.5	0.00663015	0	0
71.6	0.00717785	0	0
71.7	0.00772495	0	0
71.8	0.0082713	0	0
71.9	0.00881679	0	0
72	0.00936128	0	0
72.1	0.00990464	0	0
72.2	0.0104467	0	0
72.3	0.0109874	0	0
72.4	0.0115266	0	0
72.5	0.012064	0	0
72.6	0.0125996	0	0
72.7	0.0131333	0	0
72.8	0.0136649	0	0
72.9	0.0141942	0	0
73	0.0147211	0	0
73.1	0.0152455	0	0
73.2	0.0157672	0	0
73.3	0.0162861	0	0
73.4	0.016802	0	0
73.5	0.0173147	0	0
73.6	0.0178241	0	0
73.7	0.0183302	0	0
73.8	0.0188326	0	0
73.9	0.0193313	0	0
74	0.0198261	0	0
74.1	0.0203169	0	0
74.2	0.0208035	0	0
74.3	0.0212857	0	0
74.4	0.0217635	0	0
74.5	0.0222366	0	0
74.6	0.022705	0	0
74.7	0.0231685	0	0
74.8	0.0236269	0	0
74.9	0.0240802	0	0
75	0.0245281	0	0
75.1	0.0249706	0	0
75.2	0.0254075	0	0
75.3	0.0258388	0	0
75.4	0.0262642	0	0
75.5	0.0266838	0	0
75.6	0.0270973	0	0
75.7	0.0275047	0	0
75.8	0.0279059	0	0
75.9	0.0283008	0	0
76	0.0286894	0	0
76.1	0.0290715	0	0
76.2	0.0294471	0	0
76.3	0.0298162	0	0
76.4	0.0301786	0	0
76.5	0.0305344	0	0
76.6	0.0308835	0	0
76.7	0.0312259	0	0
76.8	0.0315616	0	0
76.9	0.0318907	0	0
77	0.032213	0	0
77.1	0.0325286	0	0
77.2	0.0328376	0	0
77.3	0.03314	0	0
77.4	0.0334359	0	0
77.5	0.0337253	0	0
77.6	0.0340083	0	0
77.7	0.0342849	0	0
77.8	0.0345554	0	0
77.9	0.0348198	0	0
78	0.0350781	0	0
78.1	0.0353307	0	0
78.2	0.0355775	0	0
78.3	0.0358188	0	0
78.4	0.0360548	0	0
78.5	0.0362856	0	0
78.6	0.0365113	0	0
78.7	0.0367323	0	0
78.8	0.0369487	0	0
78.9	0.0371608	0	0
79	0.0373688	0	0
79.1	0.0375728	0	0
79.2	0.0377733	0	0
79.3	0.0379704	0	0
79.4	0.0381643	0	0
79.5	0.0383555	0	0
79.6	0.0385441	0	0
79.7	0.0387304	0	0
79.8	0.0389148	0	0
79.9	0.0390975	0	0
80	0.0392787	0	0
80.1	0.0394589	0	0
80.2	0.0396383	0	0
80.3	0.0398171	0	0
80.4	0.0399958	0	0
80.5	0.0401745	0	0
80.6	0.0403536	0	0
80.7	0.0405333	0	0
80.8	0.040714	0	0
80.9	0.0408958	0	0
81	0.0410791	0	0
81.1	0.0412641	0	0
81.2	0.0414511	0	0
81.3	0.0416402	0	0
81.4	0.0418317	0	0
81.5	0.0420257	0	0
81.6	0.0422225	0	0
81.7	0.0424222	0	0
81.8	0.042625	0	0
81.9	0.042831	0	0
82	0.0430402	0	0
82.1	0.0432529	0	0
82.2	0.0434689	0	0
82.3	0.0436884	0	0
82.4	0.0439113	0	0
82.5	0.0441376	0	0
82.6	0.0443674	0	0
82.7	0.0446004	0	0
82.8	0.0448367	0	0
82.9	0.045076	0	0
83	0.0453181	0	0
83.1	0.045563	0	0
83.2	0.0458104	0	0
83.3	0.0460599	0	0
83.4	0.0463114	0	0
83.5	0.0465645	0	0
83.6	0.0468188	0	0
83.7	0.0470739	0	0
83.8	0.0473296	0	0
83.9	0.0475852	0	0
84	0.0478403	0	0
84.1	0.0480945	0	0
84.2	0.0483472	0	0
84.3	0.0485979	0	0
84.4	0.0488459	0	0
84.5	0.0490908	0	0
84.6	0.0493318	0	0
84.7	0.0495683	0	0
84.8	0.0497997	0	0
84.9	0.0500253	0	0
85	0.0502444	0	0
85.1	0.0504564	0	0
85.2	0.0506604	0	0
85.3	0.0508559	0	0
85.4	0.0510421	0	0
85.5	0.0512182	0	0
85.6	0.0513837	0	0
85.7	0.0515377	0	0
85.8	0.0516795	0	0
85.9	0.0518086	0	0
86	0.0519241	0	0
86.1	0.0520255	0	0
86.2	0.052112	0	0
86.3	0.0521832	0	0
86.4	0.0522383	0	0
86.5	0.0522768	0	0
86.6	0.0522982	0	0
86.7	0.052302	0	0
86.8	0.0522877	0	0
86.9	0.0522549	0	0
87	0.0522032	0	0
87.1	0.0521322	0	0
87.2	0.0520417	0	0
87.3	0.0519314	0	0
87.4	0.051801	0	0
87.5	0.0516505	0	0
87.6	0.0514797	0	0
87.7	0.0512885	0	0
87.8	0.051077	0	0
87.9	0.0508451	0	0
88	0.0505931	0	0
88.1	0.0503211	0	0
88.2	0.0500292	0	0
88.3	0.0497177	0	0
88.4	0.049387	0	0
88.5	0.0490373	0	0
88.6	0.0486692	0	0
88.7	0.0482831	0	0
88.8	0.0478794	0	0
88.9	0.0474587	0	0
89	0.0470216	0	0
89.1	0.0465688	0	0
89.2	0.0461009	0	0
89.3	0.0456186	0	0
89.4	0.0451226	0	0
89.5	0.0446137	0	0
89.6	0.0440927	0	0
89.7	0.0435603	0	0
89.8	0.0430174	0	0
89.9	0.0424647	0	0
90	0.0419032	0	0
90.1	0.0413337	0	0
90.2	0.040757	0	0
90.3	0.0401738	0	0
90.4	0.0395852	0	0
90.5	0.0389918	0	0
90.6	0.0383944	0	0
90.7	0.0377939	0	0
90.8	0.037191	0	0
90.9	0.0365864	0	0
91	0.0359807	0	0
91.1	0.0353748	0	0
91.2	0.0347692	0	0
91.3	0.0341644	0	0
91.4	0.0335611	0	0
91.5	0.0329597	0	0
91.6	0.0323607	0	0
91.7	0.0317644	0	0
91.8	0.0311713	0	0
91.9	0.0305816	0	0
92	0.0299956	0	0
92.1	0.0294135	0	0
92.2	0.0288355	0	0
92.3	0.0282616	0	0
92.4	0.0276918	0	0
92.5	0.0271262	0	0
92.6	0.0265647	0	0
92.7	0.0260072	0	0
92.8	0.0254535	0	0
92.9	0.0249035	0	0
93	0.0243568	0	0
93.1	0.0238131	0	0
93.2	0.0232723	0	0
93.3	0.0227338	0	0
93.4	0.0221972	0	0
93.5	0.0216622	0	0
93.6	0.0211282	0	0
93.7	0.0205948	0	0
93.8	0.0200615	0	0
93.9	0.0195277	0	0
94	0.0189928	0	0
94.1	0.0184565	0	0
94.2	0.0179179	0	0
94.3	0.0173768	0	0
94.4	0.0168323	0	0
94.5	0.016284	0	0
94.6	0.0157314	0	0
94.7	0.0151739	0	0
94.8	0.0146109	0	0
94.9	0.0140421	0	0
95	0.0134668	0	0
95.1	0.0128846	0	0
95.2	0.012295	0	0
95.3	0.0116977	0	0
95.4	0.0110923	0	0
95.5	0.0104784	0	0
95.6	0.00985578	0	0
95.7	0.00922406	0	0
95.8	0.00858305	0	0
95.9	0.00793254	0	0
96	0.00727239	0	0
96.1	0.00660246	0	0
96.2	0.0059227	0	0
96.3	0.00523306	0	0
96.4	0.00453357	0	0
96.5	0.00382427	0	0
96.6	0.00310526	0	0
96.7	0.00237668	0	0
96.8	0.00163872	0	0
96.9	0.000891582	0	0
97	0.000135533	0	0
97.1	-0.000629134	0	0
97.2	-0.00140208	0	0
97.3	-0.00218294	0	0
97.4	-0.00297131	0	0
97.5	-0.00376675	0	0
97.6	-0.00456879	0	0
97.7	-0.00537692	0	0
97.8	-0.00619064	0	0
97.9	-0.00700939	0	0
98	-0.00783259	0	0
98.1	-0.00865966	0	0
98.2	-0.00948997	0	0
98.3	-0.0103229	0	0
98.4	-0.0111578	0	0
98.5	-0.011994	0	0
98.6	-0.0128309	0	0
98.7	-0.0136677	0	0
98.8	-0.0145038	0	0
98.9	-0.0153385	0	0
99	-0.0161711	0	0
99.1	-0.0170008	0	0
99.2	-0.0178271	0	0
99.3	-0.0186492	0	0
99.4	-0.0194664	0	0
99.5	-0.0202781	0	0
99.6	-0.0210834	0	0
99.7	-0.0218819	0	0
99.8	-0.0226728	0	0
99.9	-0.0234555	0	0
100	-0.0242292	0	0
100.1	-0.0249935	0	0
100.2	-0.0257477	0	0
100.3	-0.0264912	0	0
100.4	-0.0272233	0	0
100.5	-0.0279436	0	0
100.6	-0.0286515	0	0
100.7	-0.0293464	0	0
100.8	-0.0300279	0	0
100.9	-0.0306954	0	0
101	-0.0313486	0	0
101.1	-0.0319869	0	0
101.2	-0.0326099	0	0
101.3	-0.0332172	0	0
101.4	-0.0338084	0	0
101.5	-0.0343832	0	0
101.6	-0.0349413	0	0
101.7	-0.0354823	0	0
101.8	-0.036006	0	0
101.9	-0.036512	0	0
102	-0.0370003	0	0
102.1	-0.0374705	0	0
102.2	-0.0379225	0	0
102.3	-0.0383561	0	0
102.4	-0.0387712	0	0
102.5	-0.0391678	0	0
102.6	-0.0395457	0	0
102.7	-0.0399049	0	0
102.8	-0.0402455	0	0
102.9	-0.0405674	0	0
103	-0.0408707	0	0
103.1	-0.0411556	0	0
103.2	-0.041422	0	0
103.3	-0.0416702	0	0
103.4	-0.0419003	0	0
103.5	-0.0421126	0	0
103.6	-0.0423074	0	0
103.7	-0.0424848	0	0
103.8	-0.0426453	0	0
103.9	-0.0427892	0	0
104	-0.0429169	0	0
104.1	-0.0430287	0	0
104.2	-0.0431252	0	0
104.3	-0.0432069	0	0
104.4	-0.0432742	0	0
104.5	-0.0433278	0	0
104.6	-0.0433683	0	0
104.7	-0.0433962	0	0
104.8	-0.0434122	0	0
104.9	-0.0434171	0	0
105	-0.0434116	0	0
105.1	-0.0433964	0	0
105.2	-0.0433723	0	0
105.3	-0.0433401	0	0
105.4	-0.0433008	0	0
105.5	-0.0432552	0	0
105.6	-0.0432042	0	0
105.7	-0.0431487	0	0
105.8	-0.0430898	0	0
105.9	-0.0430283	0	0
106	-0.0429653	0	0
106.1	-0.0429018	0	0
106.2	-0.0428388	0	0
106.3	-0.0427774	0	0
106.4	-0.0427187	0	0
106.5	-0.0426636	0	0
106.6	-0.0426133	0	0
106.7	-0.0425688	0	0
106.8	-0.0425312	0	0
106.9	-0.0425015	0	0
107	-0.0424808	0	0
107.1	-0.0424701	0	0
107.2	-0.0424704	0	0
107.3	-0.0424828	0	0
107.4	-0.0425082	0	0
107.5	-0.0425475	0	0
107.6	-0.0426016	0	0
107.7	-0.0426714	0	0
107.8	-0.0427578	0	0
107.9	-0.0428615	0	0
108	-0.0429833	0	0
108.1	-0.0431238	0	0
108.2	-0.0432836	0	0
108.3	-0.0434634	0	0
108.4	-0.0436635	0	0
108.5	-0.0438845	0	0
108.6	-0.0441266	0	0
108.7	-0.0443902	0	0
108.8	-0.0446753	0	0
108.9	-0.0449822	0	0
109	-0.0453108	0	0
109.1	-0.045661	0	0
109.2	-0.0460327	0	0
109.3	-0.0464255	0	0
109.4	-0.0468391	0	0
109.5	-0.047273	0	0
109.6	-0.0477267	0	0
109.7	-0.0481993	0	0
109.8	-0.0486902	0	0
109.9	-0.0491985	0	0
110	-0.0497231	0	0
110.1	-0.0502629	0	0
110.2	-0.0508167	0	0
110.3	-0.0513833	0	0
110.4	-0.0519613	0	0
110.5	-0.052549	0	0
110.6	-0.053145	0	0
110.7	-0.0537476	0	0
110.8	-0.0543551	0	0
110.9	-0.0549655	0	0
111	-0.055577	0	0
111.1	-0.0561877	0	0
111.2	-0.0567955	0	0
111.3	-0.0573983	0	0
111.4	-0.057994	0	0
111.5	-0.0585805	0	0
111.6	-0.0591555	0	0
111.7	-0.0597169	0	0
111.8	-0.0602625	0	0
111.9	-0.0607899	0	0
112	-0.0612971	0	0
112.1	-0.0617817	0	0
112.2	-0.0622417	0	0
112.3	-0.0626748	0	0
112.4	-0.0630791	0	0
112.5	-0.0634525	0	0
112.6	-0.063793	0	0
112.7	-0.0640987	0	0
112.8	-0.0643679	0	0
112.9	-0.0645989	0	0
113	-0.06479	0	0
113.1	-0.0649399	0	0
113.2	-0.0650471	0	0
113.3	-0.0651106	0	0
113.4	-0.0651292	0	0
113.5	-0.065102	0	0
113.6	-0.0650283	0	0
113.7	-0.0649075	0	0
113.8	-0.0647391	0	0
113.9	-0.064523	0	0
114	-0.064259	0	0
114.1	-0.0639473	0	0
114.2	-0.0635881	0	0
114.3	-0.063182	0	0
114.4	-0.0627295	0	0
114.5	-0.0622315	0	0
114.6	-0.0616889	0	0
114.7	-0.061103	0	0
114.8	-0.0604751	0	0
114.9	-0.0598067	0	0
115	-0.0590994	0	0
115.1	-0.0583551	0	0
115.2	-0.0575757	0	0
115.3	-0.0567633	0	0
115.4	-0.0559201	0	0
115.5	-0.0550484	0	0
115.6	-0.0541506	0	0
115.7	-0.0532293	0	0
115.8	-0.0522869	0	0
115.9	-0.0513263	0	0
116	-0.0503499	0	0
116.1	-0.0493607	0	0
116.2	-0.0483613	0	0
116.3	-0.0473546	0	0
116.4	-0.0463431	0	0
116.5	-0.0453298	0	0
116.6	-0.0443172	0	0
116.7	-0.043308	0	0
116.8	-0.0423048	0	0
116.9	-0.04131	0	0
117	-0.0403261	0	0
117.1	-0.0393554	0	0
117.2	-0.0384	0	0
117.3	-0.0374619	0	0
117.4	-0.036543	0	0
117.5	-0.0356451	0	0
117.6	-0.0347698	0	0
117.7	-0.0339185	0	0
117.8	-0.0330923	0	0
117.9	-0.0322925	0	0
118	-0.0315197	0	0
118.1	-0.0307748	0	0
118.2	-0.0300582	0	0
118.3	-0.0293701	0	0
118.4	-0.0287108	0	0
118.5	-0.0280801	0	0
118.6	-0.0274777	0	0
118.7	-0.0269031	0	0
118.8	-0.0263558	0	0
118.9	-0.0258349	0	0
119	-0.0253395	0	0
119.1	-0.0248684	0	0
119.2	-0.0244203	0	0
119.3	-0.0239938	0	0
119.4	-0.0235873	0	0
119.5	-0.0231992	0	0
119.6	-0.0228278	0	0
119.7	-0.0224711	0	0
119.8	-0.0221272	0	0
119.9	-0.0217941	0	0
120	-0.0214697	0	0
120.1	-0.0211519	0	0
120.2	-0.0208387	0	0
120.3	-0.0205279	0	0
120.4	-0.0202173	0	0
120.5	-0.0199048	0	0
120.6	-0.0195883	0	0
120.7	-0.0192658	0	0
120.8	-0.0189354	0	0
120.9	-0.0185949	0	0
121	-0.0182427	0	0
121.1	-0.017877	0	0
121.2	-0.017496	0	0
121.3	-0.0170983	0	0
121.4	-0.0166823	0	0
121.5	-0.0162467	0	0
121.6	-0.0157904	0	0
121.7	-0.0153123	0	0
121.8	-0.0148114	0	0
121.9	-0.014287	0	0
122	-0.0137383	0	0
122.1	-0.0131649	0	0
122.2	-0.0125665	0	0
122.3	-0.0119428	0	0
122.4	-0.0112937	0	0
122.5	-0.0106193	0	0
122.6	-0.00991974	0	0
122.7	-0.00919547	0	0
122.8	-0.00844689	0	0
122.9	-0.00767462	0	0
123	-0.00687934	0	0
123.1	-0.0060619	0	0
123.2	-0.00522321	0	0
123.3	-0.0043643	0	0
123.4	-0.0034863	0	0
123.5	-0.00259042	0	0
123.6	-0.00167793	0	0
123.7	-0.000750192	0	0
123.8	0.000191394	0	0
123.9	0.00114537	0	0
124	0.00211023	0	0
124.1	0.00308444	0	0
124.2	0.00406643	0	0
124.3	0.00505464	0	0
124.4	0.00604746	0	0
124.5	0.0070433	0	0
124.6	0.00804058	0	0
124.7	0.00903771	0	0
124.8	0.0100332	0	0
124.9	0.0110254	0	0
125	0.0120129	0	0
125.1	0.0129942	0	0
125.2	0.0139679	0	0
125.3	0.0149326	0	0
125.4	0.015887	0	0
125.5	0.0168298	0	0
125.6	0.0177599	0	0
125.7	0.018676	0	0
125.8	0.019577	0	0
125.9	0.0204621	0	0
126	0.0213301	0	0
126.1	0.0221801	0	0
126.2	0.0230115	0	0
126.3	0.0238233	0	0
126.4	0.024615	0	0
126.5	0.0253858	0	0
126.6	0.0261352	0	0
126.7	0.0268628	0	0
126.8	0.027568	0	0
126.9	0.0282505	0	0
127	0.02891	0	0
127.1	0.0295462	0	0
127.2	0.030159	0	0
127.3	0.0307481	0	0
127.4	0.0313135	0	0
127.5	0.0318551	0	0
127.6	0.0323729	0	0
127.7	0.0328669	0	0
127.8	0.0333372	0	0
127.9	0.033784	0	0
128	0.0342074	0	0
128.1	0.0346075	0	0
128.2	0.0349846	0	0
128.3	0.035339	0	0
128.4	0.0356708	0	0
128.5	0.0359804	0	0
128.6	0.0362681	0	0
128.7	0.0365343	0	0
128.8	0.0367794	0	0
128.9	0.0370036	0	0
129	0.0372074	0	0
129.1	0.0373912	0	0
129.2	0.0375554	0	0
129.3	0.0377005	0	0
129.4	0.037827	0	0
129.5	0.0379353	0	0
129.6	0.0380258	0	0
129.7	0.0380991	0	0
129.8	0.0381557	0	0
129.9	0.0381961	0	0
130	0.0382209	0	0
130.1	0.0382305	0	0
130.2	0.0382255	0	0
130.3	0.0382065	0	0
130.4	0.038174	0	0
130.5	0.0381288	0	0
130.6	0.0380712	0	0
130.7	0.0380021	0	0
130.8	0.0379219	0	0
130.9	0.0378314	0	0
131	0.0377312	0	0
131.1	0.0376221	0	0
131.2	0.0375046	0	0
131.3	0.0373794	0	0
131.4	0.0372475	0	0
131.5	0.0371094	0	0
131.6	0.0369659	0	0
131.7	0.0368178	0	0
131.8	0.036666	0	0
131.9	0.0365112	0	0
132	0.0363543	0	0
132.1	0.0361961	0	0
132.2	0.0360375	0	0
132.3	0.0358794	0	0
132.4	0.0357227	0	0
132.5	0.0355683	0	0
132.6	0.0354171	0	0
132.7	0.0352701	0	0
132.8	0.0351282	0	0
132.9	0.0349924	0	0
133	0.0348636	0	0
133.1	0.0347429	0	0
133.2	0.0346312	0	0
133.3	0.0345294	0	0
133.4	0.0344386	0	0
133.5	0.0343598	0	0
133.6	0.0342938	0	0
133.7	0.0342416	0	0
133.8	0.0342042	0	0
133.9	0.0341825	0	0
134	0.0341774	0	0
134.1	0.0341897	0	0
134.2	0.0342204	0	0
134.3	0.0342701	0	0
134.4	0.0343396	0	0
134.5	0.0344298	0	0
134.6	0.0345412	0	0
134.7	0.0346745	0	0
134.8	0.0348303	0	0
134.9	0.0350092	0	0
135	0.0352115	0	0
135.1	0.0354376	0	0
135.2	0.035688	0	0
135.3	0.0359628	0	0
135.4	0.0362622	0	0
135.5	0.0365864	0	0
135.6	0.0369353	0	0
135.7	0.0373089	0	0
135.8	0.037707	0	0
135.9	0.0381293	0	0
136	0.0385755	0	0
136.1	0.0390452	0	0
136.2	0.0395379	0	0
136.3	0.0400528	0	0
136.4	0.0405893	0	0
136.5	0.0411464	0	0
136.6	0.0417234	0	0
136.7	0.042319	0	0
136.8	0.0429322	0	0
136.9	0.0435618	0	0
137	0.0442064	0	0
137.1	0.0448644	0	0
137.2	0.0455345	0	0
137.3	0.046215	0	0
137.4	0.0469042	0	0
137.5	0.0476002	0	0
137.6	0.0483012	0	0
137.7	0.0490052	0	0
137.8	0.0497101	0	0
137.9	0.050414	0	0
138	0.0511145	0	0
138.1	0.0518096	0	0
138.2	0.0524969	0	0
138.3	0.0531742	0	0
138.4	0.053839	0	0
138.5	0.0544891	0	0
138.6	0.0551221	0	0
138.7	0.0557355	0	0
138.8	0.0563271	0	0
138.9	0.0568944	0	0
139	0.0574352	0	0
139.1	0.057947	0	0
139.2	0.0584276	0	0
139.3	0.0588748	0	0
139.4	0.0592864	0	0
139.5	0.0596603	0	0
139.6	0.0599945	0	0
139.7	0.0602871	0	0
139.8	0.0605362	0	0
139.9	0.0607401	0	0
140	0.0608972	0	0
140.1	0.061006	0	0
140.2	0.0610651	0	0
140.3	0.0610733	0	0
140.4	0.0610295	0	0
140.5	0.0609328	0	0
140.6	0.0607825	0	0
140.7	0.0605779	0	0
140.8	0.0603186	0	0
140.9	0.0600043	0	0
141	0.059635	0	0
141.1	0.0592108	0	0
141.2	0.0587319	0	0
141.3	0.0581987	0	0
141.4	0.0576119	0	0
141.5	0.0569724	0	0
141.6	0.0562811	0	0
141.7	0.0555391	0	0
141.8	0.0547479	0	0
141.9	0.0539089	0	0
142	0.0530238	0	0
142.1	0.0520944	0	0
142.2	0.0511227	0	0
142.3	0.0501109	0	0
142.4	0.0490611	0	0
142.5	0.0479759	0	0
142.6	0.0468576	0	0
142.7	0.045709	0	0
142.8	0.0445327	0	0
142.9	0.0433315	0	0
143	0.0421084	0	0
143.1	0.0408662	0	0
143.2	0.039608	0	0
143.3	0.0383368	0	0
143.4	0.0370556	0	0
143.5	0.0357677	0	0
143.6	0.0344759	0	0
143.7	0.0331835	0	0
143.8	0.0318934	0	0
143.9	0.0306086	0	0
144	0.0293322	0	0
144.1	0.0280669	0	0
144.2	0.0268157	0	0
144.3	0.0255812	0	0
144.4	0.0243661	0	0
144.5	0.0231729	0	0
144.6	0.022004	0	0
144.7	0.0208617	0	0
144.8	0.0197481	0	0
144.9	0.0186651	0	0
145	0.0176147	0	0
145.1	0.0165984	0	0
145.2	0.0156178	0	0
145.3	0.0146742	0	0
145.4	0.0137688	0	0
145.5	0.0129024	0	0
145.6	0.0120759	0	0
145.7	0.0112899	0	0
145.8	0.0105448	0	0
145.9	0.00984086	0	0
146	0.00917807	0	0
146.1	0.00855633	0	0
146.2	0.00797533	0	0
146.3	0.00743459	0	0
146.4	0.00693347	0	0
146.5	0.00647115	0	0
146.6	0.00604667	0	0
146.7	0.00565892	0	0
146.8	0.00530665	0	0
146.9	0.00498847	0	0
147	0.00470288	0	0
147.1	0.00444824	0	0
147.2	0.00422284	0	0
147.3	0.00402484	0	0
147.4	0.00385235	0	0
147.5	0.00370338	0	0
147.6	0.00357589	0	0
147.7	0.00346778	0	0
147.8	0.00337692	0	0
147.9	0.00330114	0	0
148	0.00323826	0	0
148.1	0.00318608	0	0
148.2	0.00314241	0	0
148.3	0.00310505	0	0
148.4	0.00307186	0	0
148.5	0.0030407	0	0
148.6	0.00300949	0	0
148.7	0.00297619	0	0
148.8	0.00293883	0	0
148.9	0.00289551	0	0
149	0.0028444	0	0
149.1	0.00278373	0	0
149.2	0.00271186	0	0
149.3	0.00262721	0	0
149.4	0.00252832	0	0
149.5	0.00241384	0	0
149.6	0.00228251	0	0
149.7	0.0021332	0	0
149.8	0.00196491	0	0
149.9	0.00177672	0	0
150	0.00156786	0	0
150.1	0.00133769	0	0
150.2	0.00108566	0	0
150.3	0.000811367	0	0
150.4	0.000514529	0	0
150.5	0.000194981	0	0
150.6	-0.000147323	0	0
150.7	-0.000512309	0	0
150.8	-0.000899789	0	0
150.9	-0.00130946	0	0
151	-0.00174093	0	0
151.1	-0.00219367	0	0
151.2	-0.00266708	0	0
151.3	-0.00316045	0	0
151.4	-0.00367299	0	0
151.5	-0.00420382	0	0
151.6	-0.00475198	0	0
151.7	-0.00531644	0	0
151.8	-0.00589609	0	0
151.9	-0.00648979	0	0
152	-0.00709631	0	0
152.1	-0.0077144	0	0
152.2	-0.00834275	0	0
152.3	-0.00898001	0	0
152.4	-0.00962482	0	0
152.5	-0.0102758	0	0
152.6	-0.0109315	0	0
152.7	-0.0115905	0	0
152.8	-0.0122514	0	0
152.9	-0.0129127	0	0
153	-0.0135731	0	0
153.1	-0.0142311	0	0
153.2	-0.0148854	0	0
153.3	-0.0155345	0	0
153.4	-0.0161771	0	0
153.5	-0.0168118	0	0
153.6	-0.0174375	0	0
153.7	-0.0180528	0	0
153.8	-0.0186566	0	0
153.9	-0.0192476	0	0
154	-0.0198249	0	0
154.1	-0.0203872	0	0
154.2	-0.0209336	0	0
154.3	-0.0214632	0	0
154.4	-0.0219751	0	0
154.5	-0.0224683	0	0
154.6	-0.0229423	0	0
154.7	-0.0233961	0	0
154.8	-0.0238293	0	0
154.9	-0.0242412	0	0
155	-0.0246313	0	0
155.1	-0.0249991	0	0
155.2	-0.0253443	0	0
155.3	-0.0256665	0	0
155.4	-0.0259655	0	0
155.5	-0.0262412	0	0
155.6	-0.0264933	0	0
155.7	-0.0267218	0	0
155.8	-0.0269268	0	0
155.9	-0.0271083	0	0
156	-0.0272664	0	0
156.1	-0.0274014	0	0
156.2	-0.0275135	0	0
156.3	-0.0276031	0	0
156.4	-0.0276704	0	0
156.5	-0.027716	0	0
156.6	-0.0277403	0	0
156.7	-0.0277439	0	0
156.8	-0.0277273	0	0
156.9	-0.0276912	0	0
157	-0.0276363	0	0
157.1	-0.0275633	0	0
157.2	-0.0274731	0	0
157.3	-0.0273663	0	0
157.4	-0.0272439	0	0
157.5	-0.0271067	0	0
157.6	-0.0269557	0	0
157.7	-0.0267918	0	0
157.8	-0.026616	0	0
157.9	-0.0264294	0	0
158	-0.0262328	0	0
158.1	-0.0260274	0	0
158.2	-0.0258142	0	0
158.3	-0.0255943	0	0
158.4	-0.0253688	0	0
158.5	-0.0251388	0	0
158.6	-0.0249053	0	0
158.7	-0.0246695	0	0
158.8	-0.0244324	0	0
158.9	-0.0241952	0	0
159	-0.0239589	0	0
159.1	-0.0237247	0	0
159.2	-0.0234935	0	0
159.3	-0.0232665	0	0
159.4	-0.0230447	0	0
159.5	-0.0228291	0	0
159.6	-0.0226207	0	0
159.7	-0.0224205	0	0
159.8	-0.0222295	0	0
159.9	-0.0220486	0	0
160	-0.0218787	0	0
160.1	-0.0217206	0	0
160.2	-0.0215752	0	0
160.3	-0.0214432	0	0
160.4	-0.0213256	0	0
160.5	-0.0212228	0	0
160.6	-0.0211358	0	0
160.7	-0.021065	0	0
160.8	-0.0210111	0	0
160.9	-0.0209746	0	0
161	-0.020956	0	0
161.1	-0.0209558	0	0
161.2	-0.0209744	0	0
161.3	-0.021012	0	0
161.4	-0.0210689	0	0
161.5	-0.0211455	0	0
161.6	-0.0212418	0	0
161.7	-0.021358	0	0
161.8	-0.0214941	0	0
161.9	-0.0216501	0	0
162	-0.0218259	0	0
162.1	-0.0220214	0	0
162.2	-0.0222364	0	0
162.3	-0.0224706	0	0
162.4	-0.0227236	0	0
162.5	-0.0229951	0	0
162.6	-0.0232846	0	0
162.7	-0.0235916	0	0
162.8	-0.0239155	0	0
162.9	-0.0242557	0	0
163	-0.0246115	0	0
163.1	-0.024982	0	0
163.2	-0.0253664	0	0
163.3	-0.025764	0	0
163.4	-0.0261736	0	0
163.5	-0.0265944	0	0
163.6	-0.0270253	0	0
163.7	-0.0274653	0	0
163.8	-0.0279131	0	0
163.9	-0.0283676	0	0
164	-0.0288277	0	0
164.1	-0.029292	0	0
164.2	-0.0297592	0	0
164.3	-0.0302281	0	0
164.4	-0.0306973	0	0
164.5	-0.0311654	0	0
164.6	-0.0316311	0	0
164.7	-0.0320929	0	0
164.8	-0.0325495	0	0
164.9	-0.0329995	0	0
165	-0.0334413	0	0
165.1	-0.0338736	0	0
165.2	-0.0342949	0	0
165.3	-0.0347038	0	0
165.4	-0.035099	0	0
165.5	-0.035479	0	0
165.6	-0.0358424	0	0
165.7	-0.0361879	0	0
165.8	-0.0365142	0	0
165.9	-0.0368199	0	0
166	-0.0371038	0	0
166.1	-0.0373647	0	0
166.2	-0.0376014	0	0
166.3	-0.0378128	0	0
166.4	-0.0379977	0	0
166.5	-0.0381551	0	0
166.6	-0.038284	0	0
166.7	-0.0383836	0	0
166.8	-0.0384529	0	0
166.9	-0.0384912	0	0
167	-0.0384977	0	0
167.1	-0.0384718	0	0
167.2	-0.0384128	0	0
167.3	-0.0383204	0	0
167.4	-0.0381941	0	0
167.5	-0.0380335	0	0
167.6	-0.0378384	0	0
167.7	-0.0376086	0	0
167.8	-0.037344	0	0
167.9	-0.0370446	0	0
168	-0.0367106	0	0
168.1	-0.036342	0	0
168.2	-0.0359391	0	0
168.3	-0.0355023	0	0
168.4	-0.035032	0	0
168.5	-0.0345287	0	0
168.6	-0.0339931	0	0
168.7	-0.0334258	0	0
168.8	-0.0328276	0	0
168.9	-0.0321993	0	0
169	-0.0315419	0	0
169.1	-0.0308563	0	0
169.2	-0.0301437	0	0
169.3	-0.0294051	0	0
169.4	-0.0286418	0	0
169.5	-0.027855	0	0
169.6	-0.027046	0	0
169.7	-0.0262163	0	0
169.8	-0.0253672	0	0
169.9	-0.0245002	0	0
170	-0.0236168	0	0
170.1	-0.0227185	0	0
170.2	-0.021807	0	0
170.3	-0.0208838	0	0
170.4	-0.0199506	0	0
170.5	-0.019009	0	0
170.6	-0.0180607	0	0
170.7	-0.0171073	0	0
170.8	-0.0161506	0	0
170.9	-0.0151921	0	0
171	-0.0142336	0	0
171.1	-0.0132768	0	0
171.2	-0.0123232	0	0
171.3	-0.0113745	0	0
171.4	-0.0104324	0	0
171.5	-0.00949835	0	0
171.6	-0.00857398	0	0
171.7	-0.00766078	0	0
171.8	-0.00676025	0	0
171.9	-0.00587381	0	0
172	-0.00500285	0	0
172.1	-0.00414873	0	0
172.2	-0.00331272	0	0
172.3	-0.00249605	0	0
172.4	-0.0016999	0	0
172.5	-0.000925372	0	0
172.6	-0.000173505	0	0
172.7	0.000554727	0	0
172.8	0.00125842	0	0
172.9	0.00193675	0	0
173	0.00258895	0	0
173.1	0.00321433	0	0
173.2	0.0038123	0	0
173.3	0.00438232	0	0
173.4	0.00492394	0	0
173.5	0.0054368	0	0
173.6	0.00592059	0	0
173.7	0.0063751	0	0
173.8	0.0068002	0	0
173.9	0.00719582	0	0
174	0.00756198	0	0
174.1	0.00789875	0	0
174.2	0.00820631	0	0
174.3	0.00848488	0	0
174.4	0.00873476	0	0
174.5	0.00895632	0	0
174.6	0.00915	0	0
174.7	0.00931629	0	0
174.8	0.00945576	0	0
174.9	0.00956901	0	0
175	0.00965673	0	0
175.1	0.00971962	0	0
175.2	0.00975845	0	0
175.3	0.00977405	0	0
175.4	0.00976727	0	0
175.5	0.00973901	0	0
175.6	0.00969021	0	0
175.7	0.00962183	0	0
175.8	0.00953486	0	0
175.9	0.00943034	0	0
176	0.0093093	0	0
176.1	0.00917281	0	0
176.2	0.00902195	0	0
176.3	0.00885781	0	0
176.4	0.0086815	0	0
176.5	0.00849413	0	0
176.6	0.00829679	0	0
176.7	0.00809061	0	0
176.8	0.00787668	0	0
176.9	0.00765611	0	0
177	0.00742997	0	0
177.1	0.00719934	0	0
177.2	0.00696528	0	0
177.3	0.00672882	0	0
177.4	0.00649099	0	0
177.5	0.00625277	0	0
177.6	0.00601514	0	0
177.7	0.00577903	0	0
177.8	0.00554535	0	0
177.9	0.00531498	0	0
178	0.00508874	0	0
178.1	0.00486745	0	0
178.2	0.00465188	0	0
178.3	0.00444276	0	0
178.4	0.00424078	0	0
178.5	0.00404659	0	0
178.6	0.0038608	0	0
178.7	0.00368399	0	0
178.8	0.00351668	0	0
178.9	0.00335936	0	0
179	0.00321247	0	0
179.1	0.00307642	0	0
179.2	0.00295155	0	0
179.3	0.00283818	0	0
179.4	0.0027366	0	0
179.5	0.00264703	0	0
179.6	0.00256968	0	0
179.7	0.00250468	0	0
179.8	0.00245214	0	0
179.9	0.00241215	0	0
180	0.00238473	0	0
180.1	0.00236988	0	0
180.2	0.00236755	0	0
180.3	0.00237767	0	0
180.4	0.00240013	0	0
180.5	0.00243478	0	0
180.6	0.00248145	0	0
180.7	0.00253991	0	0
180.8	0.00260993	0	0
180.9	0.00269124	0	0
181	0.00278355	0	0
181.1	0.00288653	0	0
181.2	0.00299985	0	0
181.3	0.00312313	0	0
181.4	0.00325599	0	0
181.5	0.00339804	0	0
181.6	0.00354883	0	0
181.7	0.00370795	0	0
181.8	0.00387494	0	0
181.9	0.00404933	0	0
182	0.00423067	0	0
182.1	0.00441848	0	0
182.2	0.00461227	0	0
182.3	0.00481158	0	0
182.4	0.0050159	0	0
182.5	0.00522476	0	0
182.6	0.00543768	0	0
182.7	0.00565417	0	0
182.8	0.00587376	0	0
182.9	0.00609598	0	0
183	0.00632036	0	0
183.1	0.00654646	0	0
183.2	0.00677382	0	0
183.3	0.00700202	0	0
183.4	0.00723064	0	0
183.5	0.00745926	0	0
183.6	0.00768748	0	0
183.7	0.00791492	0	0
183.8	0.0081412	0	0
183.9	0.00836596	0	0
184	0.00858887	0	0
184.1	0.00880958	0	0
184.2	0.00902779	0	0
184.3	0.00924319	0	0
184.4	0.00945551	0	0
184.5	0.00966445	0	0
184.6	0.00986978	0	0
184.7	0.0100712	0	0
184.8	0.0102686	0	0
184.9	0.0104617	0	0
185	0.0106503	0	0
185.1	0.0108342	0	0
185.2	0.0110133	0	0
185.3	0.0111874	0	0
185.4	0.0113564	0	0
185.5	0.0115201	0	0
185.6	0.0116786	0	0
185.7	0.0118316	0	0
185.8	0.0119791	0	0
185.9	0.0121211	0	0
186	0.0122575	0	0
186.1	0.0123884	0	0
186.2	0.0125136	0	0
186.3	0.0126332	0	0
186.4	0.0127473	0	0
186.5	0.0128558	0	0
186.6	0.0129589	0	0
186.7	0.0130565	0	0
186.8	0.0131487	0	0
186.9	0.0132356	0	0
187	0.0133174	0	0
187.1	0.0133941	0	0
187.2	0.0134658	0	0
187.3	0.0135326	0	0
187.4	0.0135947	0	0
187.5	0.0136521	0	0
187.6	0.013705	0	0
187.7	0.0137536	0	0
187.8	0.0137979	0	0
187.9	0.0138381	0	0
188	0.0138743	0	0
188.1	0.0139066	0	0
188.2	0.0139352	0	0
188.3	0.0139602	0	0
188.4	0.0139816	0	0
188.5	0.0139997	0	0
188.6	0.0140144	0	0
188.7	0.014026	0	0
188.8	0.0140344	0	0
188.9	0.0140398	0	0
189	0.0140423	0	0
189.1	0.0140418	0	0
189.2	0.0140385	0	0
189.3	0.0140325	0	0
189.4	0.0140237	0	0
189.5	0.0140122	0	0
189.6	0.013998	0	0
189.7	0.0139812	0	0
189.8	0.0139618	0	0
189.9	0.0139398	0	0
190	0.0139151	0	0
190.1	0.0138879	0	0
190.2	0.0138581	0	0
190.3	0.0138257	0	0
190.4	0.0137906	0	0
190.5	0.0137528	0	0
190.6	0.0137124	0	0
190.7	0.0136692	0	0
190.8	0.0136233	0	0
190.9	0.0135745	0	0
191	0.0135229	0	0
191.1	0.0134685	0	0
191.2	0.013411	0	0
191.3	0.0133505	0	0
191.4	0.013287	0	0
191.5	0.0132203	0	0
191.6	0.0131503	0	0
191.7	0.0130771	0	0
191.8	0.0130005	0	0
191.9	0.0129203	0	0
192	0.0128367	0	0
192.1	0.0127493	0	0
192.2	0.0126582	0	0
192.3	0.0125633	0	0
192.4	0.0124644	0	0
192.5	0.0123614	0	0
192.6	0.0122543	0	0
192.7	0.012143	0	0
192.8	0.0120272	0	0
192.9	0.011907	0	0
193	0.0117823	0	0
193.1	0.0116529	0	0
193.2	0.0115187	0	0
193.3	0.0113797	0	0
193.4	0.0112358	0	0
193.5	0.0110869	0	0
193.6	0.0109329	0	0
193.7	0.0107738	0	0
193.8	0.0106096	0	0
193.9	0.0104401	0	0
194	0.0102654	0	0
194.1	0.0100855	0	0
194.2	0.00990029	0	0
194.3	0.00970988	0	0
194.4	0.00951426	0	0
194.5	0.00931346	0	0
194.6	0.00910754	0	0
194.7	0.00889655	0	0
194.8	0.00868057	0	0
194.9	0.00845967	0	0
195	0.00823395	0	0
195.1	0.0080035	0	0
195.2	0.00776844	0	0
195.3	0.0075289	0	0
195.4	0.007285	0	0
195.5	0.0070369	0	0
195.6	0.00678475	0	0
195.7	0.00652872	0	0
195.8	0.006269	0	0
195.9	0.00600579	0	0
196	0.00573928	0	0
196.1	0.0054697	0	0
196.2	0.00519727	0	0
196.3	0.00492223	0	0
196.4	0.00464483	0	0
196.5	0.00436532	0	0
196.6	0.00408397	0	0
196.7	0.00380104	0	0
196.8	0.00351682	0	0
196.9	0.00323157	0	0
197	0.00294558	0	0
197.1	0.00265913	0	0
197.2	0.0023725	0	0
197.3	0.00208597	0	0
197.4	0.00179983	0	0
197.5	0.00151437	0	0
197.6	0.00122987	0	0
197.7	0.00094661	0	0
197.8	0.000664888	0	0
197.9	0.000384989	0	0
198	0.000107202	0	0
198.1	-0.000168183	0	0
198.2	-0.000440873	0	0
198.3	-0.000710568	0	0
198.4	-0.000976967	0	0
198.5	-0.00123977	0	0
198.6	-0.00149866	0	0
198.7	-0.00175333	0	0
198.8	-0.00200347	0	0
198.9	-0.00224877	0	0
199	-0.00248892	0	0
199.1	-0.00272362	0	0
199.2	-0.00295256	0	0
199.3	-0.00317545	0	0
199.4	-0.00339201	0	0
199.5	-0.00360197	0	0
199.6	-0.00380505	0	0
199.7	-0.00400103	0	0
199.8	-0.00418967	0	0
199.9	-0.00437076	0	0
200	-0.00454411	0	0
200.1	-0.00470955	0	0
200.2	-0.00486694	0	0
200.3	-0.00501612	0	0
200.4	-0.00515698	0	0
200.5	-0.00528942	0	0
200.6	-0.00541334	0	0
200.7	-0.00552866	0	0
200.8	-0.00563532	0	0
200.9	-0.00573326	0	0
201	-0.00582243	0	0
201.1	-0.00590278	0	0
201.2	-0.00597429	0	0
201.3	-0.00603692	0	0
201.4	-0.00609066	0	0
201.5	-0.00613548	0	0
201.6	-0.00617139	0	0
201.7	-0.00619839	0	0
201.8	-0.00621651	0	0
201.9	-0.00622577	0	0
202	-0.00622623	0	0
202.1	-0.00621796	0	0
202.2	-0.00620104	0	0
202.3	-0.00617558	0	0
202.4	-0.0061417	0	0
202.5	-0.00609956	0	0
202.6	-0.00604932	0	0
202.7	-0.00599117	0	0
202.8	-0.00592532	0	0
202.9	-0.00585199	0	0
203	-0.00577143	0	0
203.1	-0.0056839	0	0
203.2	-0.00558965	0	0
203.3	-0.00548896	0	0
203.4	-0.0053821	0	0
203.5	-0.00526937	0	0
203.6	-0.00515103	0	0
203.7	-0.00502737	0	0
203.8	-0.00489867	0	0
203.9	-0.00476521	0	0
204	-0.00462726	0	0
204.1	-0.00448508	0	0
204.2	-0.00433893	0	0
204.3	-0.00418906	0	0
204.4	-0.00403574	0	0
204.5	-0.00387921	0	0
204.6	-0.00371972	0	0
204.7	-0.00355752	0	0
204.8	-0.00339287	0	0
204.9	-0.00322604	0	0
205	-0.00305729	0	0
205.1	-0.00288689	0	0
205.2	-0.00271514	0	0
205.3	-0.00254232	0	0
205.4	-0.00236873	0	0
205.5	-0.0021947	0	0
205.6	-0.00202055	0	0
205.7	-0.0018466	0	0
205.8	-0.00167321	0	0
205.9	-0.00150069	0	0
206	-0.00132941	0	0
206.1	-0.0011597	0	0
206.2	-0.000991885	0	0
206.3	-0.000826299	0	0
206.4	-0.000663253	0	0
206.5	-0.000503049	0	0
206.6	-0.000345974	0	0
206.7	-0.000192297	0	0
206.8	-4.22677e-05	0	0
206.9	0.000103887	0	0
207	0.000245958	0	0
207.1	0.000383761	0	0
207.2	0.000517129	0	0
207.3	0.000645916	0	0
207.4	0.000769991	0	0
207.5	0.00088924	0	0
207.6	0.00100356	0	0
207.7	0.00111284	0	0
207.8	0.00121702	0	0
207.9	0.001316	0	0
208	0.00140971	0	0
208.1	0.00149807	0	0
208.2	0.00158101	0	0
208.3	0.00165844	0	0
208.4	0.0017303	0	0
208.5	0.00179648	0	0
208.6	0.00185692	0	0
208.7	0.00191153	0	0
208.8	0.00196023	0	0
208.9	0.00200294	0	0
209	0.00203958	0	0
209.1	0.0020701	0	0
209.2	0.00209444	0	0
209.3	0.00211256	0	0
209.4	0.00212444	0	0
209.5	0.00213007	0	0
209.6	0.00212944	0	0
209.7	0.0021226	0	0
209.8	0.00210959	0	0
209.9	0.00209048	0	0
210	0.00206535	0	0
210.1	0.00203433	0	0
210.2	0.00199753	0	0
210.3	0.0019551	0	0
210.4	0.00190721	0	0
210.5	0.00185403	0	0
210.6	0.00179573	0	0
210.7	0.0017325	0	0
210.8	0.00166454	0	0
210.9	0.00159205	0	0
211	0.00151523	0	0
211.1	0.00143426	0	0
211.2	0.00134934	0	0
211.3	0.00126066	0	0
211.4	0.00116839	0	0
211.5	0.00107272	0	0
211.6	0.000973795	0	0
211.7	0.000871783	0	0
211.8	0.000766836	0	0
211.9	0.000659102	0	0
212	0.000548726	0	0
212.1	0.00043585	0	0
212.2	0.000320616	0	0
212.3	0.000203168	0	0
212.4	8.36489e-05	0	0
212.5	-3.77927e-05	0	0
212.6	-0.000161001	0	0
212.7	-0.000285813	0	0
212.8	-0.000412053	0	0
212.9	-0.000539538	0	0
213	-0.000668072	0	0
213.1	-0.000797448	0	0
213.2	-0.000927449	0	0
213.3	-0.00105785	0	0
213.4	-0.00118841	0	0
213.5	-0.00131889	0	0
213.6	-0.00144904	0	0
213.7	-0.00157861	0	0
213.8	-0.00170734	0	0
213.9	-0.00183497	0	0
214	-0.00196124	0	0
214.1	-0.00208591	0	0
214.2	-0.00220872	0	0
214.3	-0.00232946	0	0
214.4	-0.00244788	0	0
214.5	-0.00256377	0	0
214.6	-0.00267694	0	0
214.7	-0.0027872	0	0
214.8	-0.00289437	0	0
214.9	-0.0029983	0	0
215	-0.00309884	0	0
215.1	-0.00319586	0	0
215.2	-0.00328924	0	0
215.3	-0.0033789	0	0
215.4	-0.00346474	0	0
215.5	-0.00354668	0	0
215.6	-0.00362465	0	0
215.7	-0.00369858	0	0
215.8	-0.00376841	0	0
215.9	-0.00383409	0	0
216	-0.00389555	0	0
216.1	-0.00395274	0	0
216.2	-0.00400559	0	0
216.3	-0.00405405	0	0
216.4	-0.00409806	0	0
216.5	-0.00413756	0	0
216.6	-0.00417247	0	0
216.7	-0.00420272	0	0
216.8	-0.00422824	0	0
216.9	-0.00424896	0	0
217	-0.0042648	0	0
217.1	-0.00427569	0	0
217.2	-0.00428155	0	0
217.3	-0.00428232	0	0
217.4	-0.00427794	0	0
217.5	-0.00426836	0	0
217.6	-0.00425352	0	0
217.7	-0.00423339	0	0
217.8	-0.00420795	0	0
217.9	-0.00417719	0	0
218	-0.00414112	0	0
218.1	-0.00409975	0	0
218.2	-0.00405312	0	0
218.3	-0.00400129	0	0
218.4	-0.00394433	0	0
218.5	-0.00388233	0	0
218.6	-0.00381537	0	0
218.7	-0.00374357	0	0
218.8	-0.00366706	0	0
218.9	-0.00358596	0	0
219	-0.00350043	0	0
219.1	-0.00341062	0	0
219.2	-0.00331669	0	0
219.3	-0.00321882	0	0
219.4	-0.00311717	0	0
219.5	-0.00301191	0	0
219.6	-0.00290323	0	0
219.7	-0.00279129	0	0
219.8	-0.00267626	0	0
219.9	-0.00255831	0	0
220	-0.0024376	0	0
220.1	-0.0023143	0	0
220.2	-0.00218855	0	0
220.3	-0.00206052	0	0
220.4	-0.00193035	0	0
220.5	-0.00179818	0	0
220.6	-0.00166416	0	0
