(1,5.71592e-18)
(1,4.01537e-18)
(1,-1.63722e-18)
(1,-2.33376e-17)
(1,1.56083e-17)
(1,3.05501e-17)
(1,2.87969e-17)
(1,6.03279e-17)
(1,2.36952e-17)
(1,3.40561e-17)
(1,1.71457e-17)
(1,2.33511e-18)
(1,6.62274e-17)
(1,-1.53159e-17)
(1,5.9278e-17)
(1,3.05574e-17)
(1,4.57091e-18)
(1,-4.17085e-17)
(1,-1.07206e-17)
(1,-1.61012e-17)
(1,-3.70215e-17)
(1,5.28101e-17)
(1,-5.57669e-18)
(1,-3.65881e-17)
(1,-3.60216e-17)
(1,-4.18323e-17)
(1,-1.68009e-17)
(1,-7.69487e-18)
(1,-2.98609e-18)
(1,-3.43142e-18)
(1,3.0756e-19)
(1,1.88446e-18)
(1,-2.01442e-17)
(1,4.6989e-18)
(1,7.63592e-18)
(1,-1.73115e-17)
(1,3.26389e-17)
(1,1.85241e-17)
(1,-4.1185e-17)
(1,3.17683e-18)
(1,-5.11398e-18)
(1,-2.79562e-17)
(1,2.09344e-17)
(1,1.66232e-17)
(1,5.6539e-17)
(1,-4.10828e-17)
(1,-2.41368e-17)
(1,-2.54739e-17)
(1,-5.45493e-17)
(1,2.96038e-18)
(1,2.59639e-17)
(1,7.22962e-17)
(1,-3.69972e-17)
(1,5.06103e-19)
(1,5.16469e-17)
(1,-9.54153e-18)
(1,2.62118e-17)
(1,-1.70165e-17)
(1,-1.80735e-17)
(1,-3.57888e-18)
(1,1.74721e-18)
(1,-4.90372e-18)
(1,-5.76321e-19)
(1,2.28672e-18)
(1,4.93995e-18)
(1,1.11026e-17)
(1,1.78777e-17)
(1,-8.74406e-18)
(1,5.36789e-17)
(1,2.11175e-17)
(1,-3.54731e-17)
(1,-7.63468e-18)
(1,-2.36197e-17)
(1,7.28738e-17)
(1,6.64964e-17)
(1,-1.12134e-16)
(1,7.88155e-17)
(1,-2.18624e-17)
(1,-7.82665e-17)
(1,-3.37292e-17)
(1,-6.68457e-18)
(1,-3.09177e-17)
(1,-7.14936e-17)
(1,-4.82107e-17)
(1,-3.07787e-17)
(1,-2.84694e-17)
(1,3.46485e-18)
(1,2.31004e-17)
(1,-4.03102e-17)
(1,1.50849e-17)
(1,4.53437e-20)
(1,1.52767e-17)
(1,6.40448e-18)
(1,-2.555e-18)
(1,-1.21191e-18)
(1,-1.87826e-17)
(1,-2.10948e-19)
(1,7.74238e-18)
(1,-5.55258e-18)
(1,3.66814e-17)
(1,-1.47838e-17)
(1,4.29633e-17)
(1,-3.11956e-17)
(1,-3.60608e-17)
(1,1.89704e-17)
(1,-6.2783e-17)
(1,4.3102e-17)
(1,5.70885e-17)
(1,1.2454e-17)
(1,-4.90068e-17)
(1,-5.09219e-17)
(1,-2.87019e-17)
(1,9.15906e-18)
(1,3.55814e-17)
(1,-5.05816e-17)
(1,-1.11981e-17)
(1,1.94769e-17)
(1,-7.1645e-17)
(1,2.99728e-17)
(1,2.76748e-18)
(1,3.57105e-17)
(1,-6.10749e-18)
(1,4.11582e-18)
(1,-1.31711e-17)
(1,-2.09834e-18)
(1,2.73342e-18)
(1,-2.99555e-18)
(1,-9.29188e-18)
(1,-5.74788e-18)
(1,2.44091e-17)
(1,-2.61187e-17)
(1,-1.12247e-17)
(1,1.36565e-17)
(1,-4.49271e-19)
(1,1.10313e-17)
(1,-1.40407e-17)
(1,5.74187e-17)
(1,2.8796e-17)
(1,1.67117e-17)
(1,4.65749e-18)
(1,-7.02578e-18)
(1,1.47287e-17)
(1,-1.81916e-17)
(1,1.6877e-18)
(1,-3.29816e-17)
(1,-5.18365e-17)
(1,2.54225e-17)
(1,2.54054e-17)
(1,5.71395e-17)
(1,-1.20194e-17)
(1,-2.02037e-17)
(1,-1.51071e-17)
(1,1.42575e-17)
(1,-3.78132e-18)
(1,6.98698e-18)
(1,2.66343e-18)
(1,-3.30821e-19)
(1,-1.97432e-18)
(1,4.78661e-18)
(1,2.57072e-18)
(1,-2.12781e-17)
(1,-6.18744e-18)
(1,-4.33396e-18)
(1,1.29087e-17)
(1,1.74903e-17)
(1,-2.4027e-17)
(1,-4.9648e-19)
(1,5.69894e-17)
(1,-7.36733e-17)
(1,-4.94449e-17)
(1,1.94335e-17)
(1,-4.2955e-17)
(1,2.4033e-17)
(1,-3.69245e-17)
(1,-5.74035e-17)
(1,5.13123e-18)
(1,-3.32532e-17)
(1,3.49535e-17)
(1,-9.92761e-18)
(1,-8.86373e-18)
(1,-2.95985e-17)
(1,3.84132e-18)
(1,3.30043e-17)
(1,-3.3002e-17)
(1,-2.589e-18)
(1,1.33214e-17)
(1,5.63033e-19)
(1,1.34109e-19)
(1,-6.5577e-20)
(1,-2.08715e-18)
(1,-1.80316e-17)
(1,-7.90989e-18)
(1,2.28976e-17)
(1,4.35691e-17)
(1,4.3601e-17)
(1,8.10799e-18)
(1,2.4463e-17)
(1,4.46306e-17)
(1,5.05081e-17)
(1,8.67868e-18)
(1,6.5812e-17)
(1,9.34536e-18)
(1,6.94284e-17)
(1,7.86244e-17)
(1,5.52464e-17)
(1,-3.3356e-18)
(1,1.16784e-18)
(1,-5.92512e-18)
(1,-6.67328e-17)
(1,4.19454e-17)
(1,-2.71043e-17)
(1,-5.26717e-17)
(1,-1.33475e-17)
(1,-2.48502e-17)
(1,5.62033e-18)
(1,-8.23615e-18)
(1,7.49002e-18)
(1,2.67527e-18)
(1,1.47574e-18)
(1,1.65944e-19)
(1,1.44945e-18)
(1,-7.685e-18)
(1,1.3687e-18)
(1,1.05245e-17)
(1,-2.80323e-17)
(1,-2.58646e-17)
(1,-2.58983e-17)
(1,4.43373e-18)
(1,-4.4172e-18)
(1,-4.18797e-18)
(1,1.53422e-17)
(1,-3.15155e-17)
(1,-3.38499e-17)
(1,5.84621e-17)
(1,8.44539e-17)
(1,2.73619e-17)
(1,-9.82996e-17)
(1,1.27102e-17)
(1,8.62269e-17)
(1,1.70785e-17)
(1,-3.40005e-17)
(1,7.63654e-17)
(1,2.27414e-17)
(1,3.63298e-18)
(1,-1.29851e-17)
(1,1.75935e-17)
(1,-1.65835e-17)
(1,-8.03024e-18)
(1,-5.87751e-18)
(1,4.43643e-18)
(1,7.93198e-19)
(1,-3.99648e-19)
(1,2.87613e-18)
(1,8.38946e-18)
(1,-2.5795e-17)
(1,5.43052e-19)
(1,2.86799e-17)
(1,-1.81867e-17)
(1,-3.58064e-17)
(1,-4.09049e-17)
(1,1.17415e-16)
(1,-8.74916e-18)
(1,-4.20628e-18)
(1,8.76229e-18)
(1,-9.77569e-18)
(1,-1.01339e-16)
(1,1.51344e-17)
(1,-5.28575e-17)
(1,5.51524e-17)
(1,1.29747e-17)
(1,-3.96982e-17)
(1,-4.08183e-17)
(1,1.00581e-17)
(1,-1.0316e-17)
(1,2.71382e-17)
(1,-3.51179e-17)
(1,2.59633e-17)
(1,6.91553e-18)
(1,3.99391e-17)
(1,-8.70832e-18)
(1,-5.19938e-18)
(1,1.14689e-18)
(1,-1.29298e-18)
(1,1.19603e-18)
(1,1.00198e-17)
(1,-5.16497e-18)
(1,2.14891e-17)
(1,9.81351e-18)
(1,-6.31858e-17)
(1,2.11067e-17)
(1,3.46502e-17)
(1,1.77392e-17)
(1,1.29499e-17)
(1,-3.48019e-17)
(1,4.94034e-17)
(1,-1.60612e-17)
(1,1.10588e-16)
(1,-2.05692e-17)
(1,5.95457e-19)
(1,-8.22783e-18)
(1,-1.51491e-17)
(1,-3.61021e-17)
(1,-3.96356e-17)
(1,-5.07496e-17)
(1,6.08429e-18)
(1,-4.17329e-17)
(1,9.94796e-18)
(1,1.34837e-17)
(1,-6.3475e-18)
(1,8.34822e-18)
(1,1.82964e-17)
(1,6.84053e-18)
(1,1.68317e-18)
(1,2.61199e-19)
(1,9.26632e-21)
(1,-1.01359e-17)
(1,5.98572e-18)
(1,-1.40272e-17)
(1,5.83025e-18)
(1,-2.41724e-17)
(1,-8.96961e-18)
(1,5.88736e-17)
(1,-1.7639e-17)
(1,1.95851e-17)
(1,5.14006e-17)
(1,3.72838e-17)
(1,6.78522e-17)
(1,-1.70208e-18)
(1,-3.97302e-17)
(1,-1.03879e-17)
(1,-5.38487e-17)
(1,-2.79689e-17)
(1,-4.54383e-17)
(1,1.43516e-17)
(1,-5.30449e-17)
(1,2.01735e-17)
(1,2.07378e-17)
(1,1.77403e-17)
(1,1.74588e-17)
(1,3.5006e-18)
(1,-2.98179e-17)
(1,-8.60332e-18)
(1,-8.65153e-18)
(1,-2.07413e-18)
(1,-7.90233e-19)
(1,1.0261e-18)
(1,1.11467e-17)
(1,1.47552e-17)
(1,-4.79268e-18)
(1,-1.92476e-18)
(1,-4.6936e-18)
(1,1.52933e-17)
(1,-1.40241e-17)
(1,-2.05278e-18)
(1,-6.68923e-17)
(1,4.76906e-17)
(1,-2.68177e-17)
(1,2.96838e-17)
(1,2.02743e-17)
(1,1.79967e-17)
(1,-3.67781e-17)
(1,-8.03059e-17)
(1,-5.45836e-17)
(1,-1.72833e-17)
(1,2.76106e-17)
(1,-2.06177e-17)
(1,6.67574e-17)
(1,-2.6123e-17)
(1,4.89745e-17)
(1,-2.97388e-17)
(1,4.1351e-17)
(1,1.56292e-17)
(1,-1.26846e-17)
(1,8.34354e-18)
(1,7.78846e-18)
(1,7.96453e-19)
(1,2.48103e-18)
(1,2.08548e-18)
(1,3.14464e-17)
(1,-3.38964e-18)
(1,-4.00907e-17)
(1,3.38472e-20)
(1,-2.3021e-18)
(1,-2.06224e-17)
(1,-3.37612e-18)
(1,1.05339e-17)
(1,2.4912e-18)
(1,1.18297e-17)
(1,-4.06695e-17)
(1,8.17785e-17)
(1,-3.31699e-17)
(1,2.18956e-17)
(1,3.93875e-17)
(1,-5.94876e-17)
(1,-2.02807e-17)
(1,-3.37602e-18)
(1,4.33245e-17)
(1,-9.09902e-18)
(1,-2.58755e-20)
(1,2.34944e-17)
(1,-1.88037e-17)
(1,-1.28748e-17)
(1,-4.48975e-19)
(1,-6.14335e-18)
(1,-8.48756e-18)
(1,-2.72197e-18)
(1,-7.89754e-19)
(1,-3.59169e-18)
(1,2.55818e-18)
(1,2.11264e-17)
(1,-2.38368e-18)
(1,-2.04207e-17)
(1,-1.31983e-17)
(1,-2.01864e-18)
(1,-2.18153e-17)
(1,1.07981e-17)
(1,5.01154e-17)
(1,7.64128e-18)
(1,9.67395e-18)
(1,4.12614e-17)
(1,3.82088e-17)
(1,4.19569e-17)
(1,-3.75652e-17)
(1,-3.17397e-17)
(1,-2.01403e-17)
(1,2.61306e-17)
(1,1.01994e-17)
(1,-5.26324e-17)
(1,2.46337e-17)
(1,-5.49469e-17)
(1,-1.57762e-17)
(1,-2.59275e-17)
(1,2.22193e-17)
(1,1.09812e-17)
(1,-4.70094e-18)
(1,-8.68213e-18)
(1,-1.00418e-18)
(1,-5.48634e-19)
(1,-2.65774e-19)
(1,3.71326e-18)
(1,6.55713e-18)
(1,1.11245e-17)
(1,1.60306e-17)
(1,1.67341e-17)
(1,5.57648e-17)
(1,4.83073e-17)
(1,-2.78937e-18)
(1,-2.53407e-17)
(1,-2.08754e-17)
(1,2.8943e-17)
(1,4.83595e-17)
(1,-2.45869e-17)
(1,2.01156e-17)
(1,-2.91017e-17)
(1,-2.26776e-17)
(1,-4.17333e-18)
(1,3.23128e-17)
(1,-5.44073e-17)
(1,-3.09689e-17)
(1,1.20622e-17)
(1,3.37257e-18)
(1,-3.21364e-17)
(1,9.13382e-18)
(1,1.82507e-17)
(1,1.29313e-17)
(1,8.2404e-18)
(1,-4.73971e-18)
(1,2.44529e-18)
(1,-1.12849e-18)
(1,-9.85826e-19)
(1,-1.39591e-17)
(1,2.18983e-17)
(1,2.73289e-17)
(1,6.11863e-18)
(1,-3.29275e-17)
(1,3.69963e-17)
(1,2.0089e-17)
(1,3.65312e-17)
(1,-6.76031e-17)
(1,-4.87089e-17)
(1,5.40246e-17)
(1,4.98811e-18)
(1,-8.8406e-17)
(1,-7.46052e-17)
(1,-1.1076e-17)
(1,2.82642e-17)
(1,9.23581e-18)
(1,2.35839e-17)
(1,1.63025e-17)
(1,-2.28159e-17)
(1,-1.67351e-17)
(1,9.06069e-18)
(1,2.394e-17)
(1,1.22551e-17)
(1,-1.58028e-17)
(1,-1.03648e-17)
(1,1.01179e-18)
(1,1.37108e-17)
(1,2.9638e-18)
(1,-2.68445e-18)
(1,-2.89873e-18)
(1,4.40781e-18)
(1,-9.87678e-18)
(1,9.0274e-18)
(1,-5.241e-17)
(1,4.98301e-17)
(1,7.71674e-18)
(1,4.28531e-18)
(1,5.57903e-17)
(1,-1.09826e-17)
(1,7.10091e-18)
(1,-5.39623e-17)
(1,2.69944e-17)
(1,-3.51879e-17)
(1,-5.73162e-17)
(1,1.96198e-17)
(1,-2.31763e-17)
(1,1.91605e-17)
(1,8.90246e-17)
(1,2.74852e-17)
(1,-9.59573e-18)
(1,2.588e-17)
(1,-1.21769e-17)
(1,5.71114e-18)
(1,2.24511e-17)
(1,1.33693e-17)
(1,1.33024e-17)
(1,4.32599e-18)
(1,1.24694e-17)
(1,1.68665e-18)
(1,7.07938e-19)
(1,3.26888e-18)
(1,4.14971e-18)
(1,-3.00782e-18)
(1,1.76616e-17)
(1,4.95408e-17)
(1,-1.36979e-17)
(1,-2.93826e-17)
(1,-4.85561e-17)
(1,-4.555e-17)
(1,4.13126e-17)
(1,6.22649e-17)
(1,-5.68354e-17)
(1,7.9195e-17)
(1,-1.78171e-17)
(1,-7.46639e-17)
(1,1.62491e-17)
(1,6.27502e-17)
(1,-8.65656e-17)
(1,1.39971e-17)
(1,-3.67715e-17)
(1,-3.14728e-17)
(1,7.38716e-18)
(1,3.09635e-17)
(1,-5.37766e-17)
(1,-8.5386e-18)
(1,2.02615e-17)
(1,1.18537e-18)
(1,9.04651e-18)
(1,3.14466e-19)
(1,2.75876e-18)
(1,-2.03322e-18)
(1,4.59551e-18)
(1,6.06764e-18)
(1,3.65319e-18)
(1,-5.97981e-18)
(1,2.22401e-17)
(1,3.80292e-17)
(1,-8.89455e-18)
(1,1.60336e-17)
(1,-4.42665e-17)
(1,-9.03295e-19)
(1,-4.28308e-17)
(1,-2.80558e-18)
(1,-1.01811e-16)
(1,-8.05587e-17)
(1,2.15593e-17)
(1,1.57911e-18)
(1,-3.59262e-17)
(1,3.9414e-17)
(1,-9.72834e-17)
(1,4.42016e-17)
(1,1.8929e-17)
(1,2.965e-17)
(1,-3.05096e-17)
(1,4.2848e-17)
(1,3.91043e-17)
(1,6.01138e-18)
(1,-1.24757e-17)
(1,-8.91101e-19)
(1,1.00672e-17)
(1,2.62719e-18)
(1,-5.34401e-19)
(1,2.67144e-18)
(1,8.33212e-18)
(1,4.01571e-18)
(1,6.62671e-18)
(1,-1.57505e-18)
(1,-5.44099e-18)
(1,-4.24909e-18)
(1,-6.03007e-17)
(1,-1.70385e-17)
(1,-5.06562e-17)
(1,5.05356e-17)
(1,9.93903e-17)
(1,1.79901e-17)
(1,-6.0748e-17)
(1,-2.86741e-17)
(1,-3.02809e-17)
(1,-6.79899e-18)
(1,4.6989e-17)
(1,1.37991e-17)
(1,3.84097e-17)
(1,2.70426e-17)
(1,2.85665e-17)
(1,2.6282e-17)
(1,4.42866e-17)
(1,4.6183e-17)
(1,2.52468e-17)
(1,-1.2286e-19)
(1,-6.34623e-18)
(1,-1.17289e-17)
(1,2.25581e-18)
(1,-1.72353e-20)
(1,-6.74156e-19)
(1,1.16351e-17)
(1,-5.45378e-18)
(1,-1.37343e-17)
(1,5.64114e-17)
(1,1.51969e-17)
(1,1.7161e-17)
(1,-2.09534e-17)
(1,-5.32752e-17)
(1,-1.1498e-17)
(1,-4.64354e-17)
(1,6.81018e-17)
(1,-1.94741e-17)
(1,1.25764e-17)
(1,4.93715e-17)
(1,-4.54234e-17)
(1,1.86538e-17)
(1,-2.2766e-17)
(1,7.52764e-17)
(1,7.45217e-18)
(1,8.78667e-18)
(1,-2.65599e-17)
(1,-3.48248e-17)
(1,-1.67365e-17)
(1,-4.61487e-17)
(1,-3.49056e-17)
(1,1.40723e-17)
(1,5.19364e-19)
(1,-2.96338e-18)
(1,-3.01404e-18)
(1,2.53931e-18)
(1,-8.54144e-18)
(1,1.09858e-17)
(1,2.89435e-17)
(1,2.39363e-17)
(1,-8.08709e-18)
(1,-4.76601e-17)
(1,-1.00683e-17)
(1,5.02165e-17)
(1,8.11956e-17)
(1,-1.19509e-16)
(1,-4.9395e-17)
(1,-3.74921e-17)
(1,2.42994e-17)
(1,-4.60181e-17)
(1,-4.53947e-17)
(1,4.82062e-17)
(1,6.52386e-17)
(1,3.93569e-17)
(1,-6.08214e-18)
(1,-3.28592e-17)
(1,1.10838e-17)
(1,-2.40478e-18)
(1,-3.13242e-17)
(1,-4.65743e-18)
(1,1.30172e-18)
(1,-4.23139e-18)
(1,1.31422e-18)
(1,4.02777e-18)
(1,6.48028e-19)
(1,4.13285e-18)
(1,2.24554e-17)
(1,-1.22196e-17)
(1,-2.71775e-17)
(1,-2.91607e-17)
(1,-8.9882e-18)
(1,-2.61773e-17)
(1,-5.44714e-18)
(1,-1.06026e-16)
(1,-5.25226e-17)
(1,3.74218e-18)
(1,2.88571e-17)
(1,-1.78951e-17)
(1,-4.94453e-17)
(1,-3.63827e-17)
(1,-3.18564e-17)
(1,-2.78232e-17)
(1,-3.25591e-18)
(1,6.80037e-18)
(1,-1.21705e-17)
(1,2.22031e-17)
(1,-1.13097e-17)
(1,1.3578e-17)
(1,-1.41883e-17)
(1,7.88486e-18)
(1,2.03351e-18)
(1,2.23993e-19)
(1,-7.88595e-18)
(1,1.09777e-17)
(1,1.09862e-17)
(1,-6.12818e-17)
(1,-4.83809e-18)
(1,-5.84698e-18)
(1,9.25567e-17)
(1,5.30869e-17)
(1,-6.35105e-18)
(1,1.56716e-17)
(1,-4.23844e-17)
(1,-1.30078e-16)
(1,-4.22137e-17)
(1,2.43047e-17)
(1,-1.8123e-18)
(1,3.50401e-17)
(1,3.88287e-17)
(1,-7.46196e-17)
(1,-3.20243e-17)
(1,3.0702e-17)
(1,2.66279e-17)
(1,5.70988e-18)
(1,5.9044e-20)
(1,-2.43712e-17)
(1,6.52421e-18)
(1,-1.41201e-18)
(1,-4.74291e-19)
(1,-1.5574e-19)
(1,-3.01231e-18)
(1,6.58484e-18)
(1,-7.96044e-18)
(1,-9.12214e-18)
(1,1.98842e-18)
(1,4.83828e-17)
(1,2.49636e-17)
(1,-1.43437e-17)
(1,1.04951e-18)
(1,-1.26772e-18)
(1,1.73737e-17)
(1,1.86538e-17)
(1,2.01437e-17)
(1,5.15767e-17)
(1,1.21552e-17)
(1,-7.88418e-18)
(1,-6.81499e-17)
(1,2.15018e-17)
(1,-3.18699e-17)
(1,-3.34165e-17)
(1,-6.90009e-17)
(1,2.65445e-17)
(1,-3.524e-17)
(1,3.17108e-17)
(1,1.00678e-17)
(1,-2.13709e-17)
(1,-8.43209e-18)
(1,1.74871e-18)
(1,1.17227e-18)
(1,-3.01545e-18)
(1,9.87958e-18)
(1,1.23121e-17)
(1,5.99457e-20)
(1,2.88183e-17)
(1,-3.23622e-17)
(1,-3.52871e-17)
(1,-3.11399e-17)
(1,3.68282e-17)
(1,-3.07041e-17)
(1,3.56445e-17)
(1,-2.98294e-17)
(1,2.62707e-17)
(1,-2.85764e-17)
(1,3.86943e-17)
(1,2.52918e-17)
(1,-1.47602e-17)
(1,2.42827e-19)
(1,-3.76819e-17)
(1,-2.34136e-17)
(1,1.79134e-17)
(1,-3.41785e-17)
(1,1.5257e-17)
(1,-3.60858e-17)
(1,1.63308e-17)
(1,3.75208e-17)
(1,-4.319e-18)
(1,1.7391e-18)
(1,-3.42586e-18)
(1,-4.97237e-18)
(1,1.52947e-18)
(1,4.8213e-18)
(1,1.70032e-18)
(1,-5.40234e-18)
(1,8.08573e-18)
(1,1.24802e-17)
(1,1.50694e-17)
(1,7.63247e-18)
(1,1.89055e-17)
(1,-1.22207e-18)
(1,-3.98168e-18)
(1,-1.32857e-17)
(1,7.28441e-17)
(1,-4.85254e-18)
(1,-3.61113e-17)
(1,2.64982e-17)
(1,-1.04084e-16)
(1,-1.72582e-17)
(1,-1.86413e-17)
(1,-2.80184e-17)
(1,4.11877e-17)
(1,7.12446e-17)
(1,-4.34604e-17)
(1,-1.46363e-17)
(1,2.13719e-17)
(1,-2.69085e-17)
(1,-1.43188e-17)
(1,-1.68218e-17)
(1,7.74177e-18)
(1,-1.42271e-17)
(1,2.17007e-18)
(1,2.21274e-18)
(1,4.38649e-18)
(1,6.92778e-19)
(1,-1.09724e-17)
(1,1.05889e-17)
(1,9.00873e-18)
(1,-2.81874e-17)
(1,-8.47823e-17)
(1,4.76473e-18)
(1,-9.32526e-18)
(1,2.96495e-17)
(1,4.59038e-17)
(1,-2.72439e-17)
(1,-5.93448e-17)
(1,-5.51013e-17)
(1,-3.0076e-17)
(1,-2.26464e-19)
(1,-2.55326e-17)
(1,6.46409e-17)
(1,1.02293e-17)
(1,-1.68501e-17)
(1,-1.36814e-17)
(1,-2.7086e-18)
(1,3.24904e-17)
(1,-2.48425e-17)
(1,1.18384e-17)
(1,3.96863e-18)
(1,6.09988e-19)
(1,-8.33287e-19)
(1,7.06276e-18)
(1,4.24291e-18)
(1,-2.61979e-18)
(1,9.55182e-18)
(1,3.30253e-18)
(1,-7.55128e-18)
(1,-1.65645e-17)
(1,-3.34371e-17)
(1,4.74646e-17)
(1,-2.25481e-17)
(1,-9.71777e-18)
(1,-8.95403e-18)
(1,2.24149e-17)
(1,-5.18325e-17)
(1,-2.41015e-18)
(1,9.99393e-18)
(1,2.75775e-17)
(1,-4.23074e-17)
(1,-5.17055e-17)
(1,-5.29895e-17)
(1,6.07738e-17)
(1,-1.84239e-17)
(1,-7.11152e-18)
(1,-1.1812e-17)
(1,-4.11899e-17)
(1,-5.01307e-18)
(1,-2.51068e-17)
(1,7.3017e-18)
(1,1.12042e-17)
(1,-1.3409e-17)
(1,-8.59971e-18)
(1,6.62871e-20)
(1,-2.76628e-18)
(1,1.92322e-18)
(1,4.42255e-18)
(1,-1.63378e-17)
(1,-1.65947e-17)
(1,-3.62845e-19)
(1,3.3744e-18)
(1,-4.6882e-17)
(1,-3.6332e-17)
(1,-3.20744e-17)
(1,-1.904e-17)
(1,4.0588e-17)
(1,4.65021e-18)
(1,6.53887e-18)
(1,-1.24515e-17)
(1,-1.75341e-18)
(1,2.03977e-17)
(1,-2.42647e-17)
(1,-3.99081e-17)
(1,-1.38275e-17)
(1,1.00754e-17)
(1,-2.84931e-17)
(1,5.89842e-18)
(1,1.72144e-17)
(1,-7.0407e-18)
(1,1.15941e-17)
(1,-6.50958e-18)
(1,9.60129e-19)
(1,3.24703e-18)
(1,4.35138e-18)
(1,9.31747e-18)
(1,-6.51573e-18)
(1,-1.53798e-17)
(1,-1.64658e-18)
(1,-3.39714e-18)
(1,6.85901e-18)
(1,6.37517e-17)
(1,8.05975e-17)
(1,-4.48446e-17)
(1,4.72821e-17)
(1,5.26097e-18)
(1,-7.43274e-18)
(1,5.41175e-17)
(1,-1.25705e-17)
(1,-1.08201e-18)
(1,-2.05211e-17)
(1,2.27919e-17)
(1,2.3079e-17)
(1,-3.21615e-17)
(1,5.44307e-18)
(1,-7.33213e-18)
(1,-1.88061e-17)
(1,-7.97472e-18)
(1,-5.39774e-18)
(1,-3.31968e-19)
(1,2.30591e-18)
(1,1.06921e-17)
(1,-1.20341e-17)
(1,-1.29184e-17)
(1,1.95743e-17)
(1,-4.67395e-18)
(1,8.64714e-18)
(1,3.69489e-17)
(1,-2.32901e-17)
(1,-1.8289e-17)
(1,-5.50084e-17)
(1,2.52014e-17)
(1,-1.06953e-17)
(1,3.5044e-17)
(1,4.32664e-17)
(1,5.80785e-17)
(1,-3.39576e-17)
(1,4.13498e-18)
(1,-3.70517e-18)
(1,-1.19605e-17)
(1,-9.23687e-18)
(1,1.96175e-17)
(1,6.68134e-18)
(1,-1.59948e-17)
(1,-1.61814e-18)
(1,-4.8109e-19)
(1,5.03302e-18)
(1,-9.77963e-18)
(1,1.30215e-17)
(1,-8.19748e-18)
(1,5.69202e-17)
(1,3.47734e-17)
(1,3.32237e-17)
(1,3.66141e-17)
(1,-1.84985e-17)
(1,-4.74895e-17)
(1,6.17251e-17)
(1,1.48769e-17)
(1,-5.16433e-18)
(1,1.28143e-18)
(1,-3.34924e-17)
(1,-2.91055e-17)
(1,4.1614e-17)
(1,-3.50256e-18)
(1,-1.32516e-17)
(1,-3.826e-17)
(1,1.34591e-17)
(1,9.94567e-18)
(1,-6.85984e-19)
(1,1.17665e-17)
(1,-3.42033e-18)
(1,-1.49593e-18)
(1,7.77693e-19)
(1,8.10566e-18)
(1,2.39296e-19)
(1,-1.89341e-17)
(1,-2.05384e-17)
(1,-6.37654e-18)
(1,2.53931e-17)
(1,-3.27386e-17)
(1,2.53266e-17)
(1,-2.77215e-17)
(1,8.73603e-17)
(1,5.20544e-17)
(1,1.6603e-17)
(1,-4.43712e-17)
(1,-2.1567e-17)
(1,-7.86197e-18)
(1,-2.61501e-17)
(1,-9.65073e-18)
(1,2.28083e-17)
(1,-3.73228e-17)
(1,-3.26346e-17)
(1,2.81515e-17)
(1,7.67825e-18)
(1,-1.33757e-17)
(1,-1.94833e-17)
(1,4.68212e-18)
(1,5.92388e-18)
(1,4.79251e-18)
(1,-1.9536e-18)
(1,-1.18591e-17)
(1,3.10463e-18)
(1,-2.80836e-17)
(1,2.24684e-17)
(1,-1.51795e-17)
(1,-1.9021e-17)
(1,9.25498e-17)
(1,2.39682e-17)
(1,-2.4203e-17)
(1,8.07441e-17)
(1,4.5246e-17)
(1,4.06051e-17)
(1,-5.68957e-17)
(1,3.32521e-17)
(1,-2.62492e-17)
(1,-4.15453e-18)
(1,2.13113e-17)
(1,1.55817e-17)
(1,1.74357e-17)
(1,-1.37072e-17)
(1,8.58882e-18)
(1,2.59994e-18)
(1,2.13901e-17)
(1,-4.84374e-18)
(1,-6.98423e-18)
(1,-3.20347e-18)
(1,4.16611e-18)
(1,-2.24066e-18)
(1,2.38699e-18)
(1,1.80067e-17)
(1,-4.14037e-17)
(1,-2.94075e-18)
(1,2.4482e-17)
(1,-2.79617e-17)
(1,8.35877e-18)
(1,-7.72836e-18)
(1,5.15734e-17)
(1,3.44639e-17)
(1,-3.75971e-17)
(1,-1.74403e-17)
(1,-6.41129e-17)
(1,-5.42628e-17)
(1,4.718e-17)
(1,-4.64152e-17)
(1,5.94002e-17)
(1,1.45854e-17)
(1,4.94968e-17)
(1,-4.36285e-17)
(1,2.49116e-18)
(1,1.05828e-17)
(1,1.23036e-17)
(1,1.51885e-18)
(1,1.28793e-17)
(1,-3.70614e-18)
(1,1.40028e-17)
(1,-5.16062e-19)
(1,-1.94769e-18)
(1,-1.0035e-17)
(1,1.8977e-18)
(1,-3.52948e-17)
(1,4.05388e-19)
(1,1.99714e-17)
(1,-8.06024e-18)
(1,-4.88484e-17)
(1,-1.39578e-18)
(1,-9.25742e-18)
(1,-4.03266e-18)
(1,3.40972e-17)
(1,2.93619e-17)
(1,1.21021e-17)
(1,6.88297e-18)
(1,-5.56162e-17)
(1,-2.84585e-17)
(1,4.68164e-19)
(1,-6.74586e-17)
(1,4.32242e-18)
(1,9.10693e-18)
(1,8.31843e-17)
(1,-5.30216e-17)
(1,-4.13058e-17)
(1,-8.45574e-17)
(1,1.83798e-17)
(1,-2.62603e-17)
(1,5.38153e-18)
(1,1.90317e-17)
(1,-1.16886e-17)
(1,-4.39029e-18)
(1,-2.77592e-20)
(1,7.65891e-18)
(1,4.2058e-18)
(1,4.91445e-18)
(1,2.47885e-18)
(1,-3.55177e-17)
(1,1.63236e-17)
(1,-1.72669e-17)
(1,2.76546e-17)
(1,7.43012e-18)
(1,3.66459e-17)
(1,-4.88e-17)
(1,3.22748e-17)
(1,-2.4705e-17)
(1,-1.69e-18)
(1,3.41294e-17)
(1,-5.67792e-17)
(1,-2.53499e-17)
(1,7.98124e-18)
(1,-8.67739e-18)
(1,1.77064e-17)
(1,2.00065e-17)
(1,-2.26683e-17)
(1,2.41844e-17)
(1,2.44233e-17)
(1,-4.9268e-17)
(1,1.06549e-18)
(1,2.98702e-17)
(1,-2.62336e-18)
(1,5.00676e-18)
(1,5.16268e-18)
(1,-8.80066e-19)
(1,3.53954e-18)
(1,-1.14861e-17)
(1,-1.94898e-18)
(1,-6.51511e-18)
(1,1.64394e-17)
(1,-3.92253e-17)
(1,-1.92041e-17)
(1,3.37585e-17)
(1,-1.35151e-17)
(1,-6.5808e-18)
(1,-2.61632e-17)
(1,-1.78001e-17)
(1,2.29738e-17)
(1,-1.32703e-17)
(1,4.68019e-17)
(1,1.06045e-17)
(1,6.02822e-17)
(1,-1.72151e-18)
(1,-2.33137e-17)
(1,1.00097e-17)
(1,-2.02648e-17)
(1,-3.19328e-18)
(1,-1.2147e-18)
(1,4.96691e-18)
(1,-1.81317e-17)
(1,-1.56018e-18)
(1,4.87215e-18)
(1,5.95962e-19)
(1,3.37289e-18)
(1,5.8286e-18)
(1,2.22003e-17)
(1,1.41175e-17)
(1,-2.43897e-17)
(1,-1.23614e-17)
(1,-3.38979e-17)
(1,-3.3773e-17)
(1,4.6645e-17)
(1,1.85757e-17)
(1,-2.39238e-18)
(1,7.54017e-18)
(1,-3.62582e-17)
(1,3.73297e-17)
(1,-6.74364e-17)
(1,2.95592e-17)
(1,8.38691e-17)
(1,9.88612e-18)
(1,-3.46371e-17)
(1,2.68828e-18)
(1,-3.37437e-17)
(1,-4.25234e-18)
(1,9.62305e-18)
(1,-8.83427e-18)
(1,5.1997e-18)
(1,-5.46118e-18)
(1,-3.50104e-18)
(1,-2.08843e-18)
(1,1.32151e-17)
(1,-7.5874e-18)
(1,-1.70627e-17)
(1,1.33994e-17)
(1,3.39473e-17)
(1,-2.17227e-17)
(1,2.82421e-17)
(1,3.64181e-18)
(1,-1.15512e-17)
(1,-2.83253e-17)
(1,-2.31195e-17)
(1,-9.5826e-18)
(1,-2.61556e-17)
(1,4.77672e-17)
(1,5.22817e-17)
(1,-5.82167e-18)
(1,2.23388e-17)
(1,-1.64788e-17)
(1,-2.89582e-17)
(1,-4.79211e-18)
(1,3.27019e-18)
(1,1.11686e-17)
(1,1.95535e-17)
(1,1.97862e-18)
(1,3.72152e-19)
(1,-9.47974e-19)
(1,-6.92032e-18)
(1,-1.46196e-17)
(1,6.38046e-18)
(1,-1.33425e-17)
(1,-2.78249e-17)
(1,-3.67942e-18)
(1,3.62026e-17)
(1,-1.36313e-17)
(1,-2.1278e-18)
(1,-4.08004e-17)
(1,-2.72038e-17)
(1,1.29918e-17)
(1,-1.33839e-17)
(1,1.79221e-17)
(1,-3.02588e-17)
(1,-1.44626e-17)
(1,-1.85241e-17)
(1,-4.87927e-17)
(1,2.32565e-17)
(1,6.49261e-17)
(1,-1.06279e-17)
(1,-1.15074e-17)
(1,5.18896e-18)
(1,1.39284e-17)
(1,-6.3096e-18)
(1,4.82446e-19)
(1,-5.57095e-18)
(1,-1.12266e-18)
(1,-2.8602e-18)
(1,2.17447e-17)
(1,1.51324e-18)
(1,1.39861e-17)
(1,-8.07994e-18)
(1,3.66949e-17)
(1,-1.59534e-17)
(1,4.21539e-17)
(1,-1.93934e-17)
(1,-3.8508e-17)
(1,-5.25942e-17)
(1,-6.07685e-17)
(1,-1.29227e-17)
(1,1.72131e-17)
(1,-1.03358e-17)
(1,1.28721e-17)
(1,1.18087e-17)
(1,-6.87678e-18)
(1,-3.21669e-17)
(1,3.90038e-17)
(1,1.25795e-17)
(1,-9.45649e-19)
(1,1.06941e-17)
(1,-4.10843e-18)
(1,3.66924e-18)
(1,-4.39114e-19)
(1,2.43062e-18)
(1,8.59409e-18)
(1,-3.5283e-18)
(1,-7.642e-18)
(1,2.83982e-17)
(1,-2.18855e-17)
(1,2.57392e-17)
(1,3.16721e-17)
(1,2.33412e-17)
(1,-2.16492e-17)
(1,4.82731e-17)
(1,-4.54152e-17)
(1,-3.29468e-18)
(1,-2.98854e-18)
(1,5.28966e-18)
(1,1.4997e-17)
(1,6.20452e-18)
(1,-4.08302e-17)
(1,1.74827e-17)
(1,8.53016e-18)
(1,-3.15763e-17)
(1,3.72296e-18)
(1,4.66237e-18)
(1,-3.38073e-17)
(1,-5.18855e-18)
(1,8.25521e-18)
(1,-4.45171e-19)
(1,2.49066e-18)
(1,-1.10784e-17)
(1,3.54125e-17)
(1,-1.79031e-17)
(1,3.21194e-17)
(1,5.20252e-17)
(1,-4.10246e-18)
(1,-2.31787e-17)
(1,-1.18926e-17)
(1,-2.68365e-17)
(1,2.24899e-18)
(1,-3.27287e-17)
(1,8.95494e-18)
(1,8.26424e-17)
(1,1.74253e-17)
(1,3.48834e-18)
(1,7.48451e-18)
(1,-1.13336e-17)
(1,6.85404e-18)
(1,-4.86802e-17)
(1,2.76283e-17)
(1,-3.48755e-17)
(1,-2.72388e-17)
(1,2.81045e-17)
(1,1.7126e-18)
(1,1.34613e-17)
(1,-1.15268e-17)
(1,4.3111e-18)
(1,9.23741e-19)
(1,1.71531e-18)
(1,-3.39703e-18)
(1,7.63615e-18)
(1,1.80537e-17)
(1,-3.09518e-18)
(1,-3.24462e-17)
(1,-2.94567e-17)
(1,1.24223e-17)
(1,-6.86121e-17)
(1,-2.62533e-17)
(1,-7.64735e-18)
(1,2.13208e-17)
(1,-2.77196e-17)
(1,-4.33916e-19)
(1,-2.07026e-17)
(1,2.87348e-17)
(1,-3.26323e-17)
(1,1.8127e-17)
(1,4.66606e-18)
(1,-2.70498e-17)
(1,3.03754e-17)
(1,-1.56472e-17)
(1,-6.16143e-17)
(1,4.711e-18)
(1,1.06853e-17)
(1,-2.26934e-17)
(1,7.5062e-18)
(1,4.21891e-18)
(1,-6.0731e-18)
(1,1.43509e-18)
(1,9.53407e-19)
(1,-8.0864e-18)
(1,8.77764e-18)
(1,6.26749e-20)
(1,-2.25232e-17)
(1,2.46178e-17)
(1,4.96946e-17)
(1,4.73193e-17)
(1,9.60054e-18)
(1,-2.29641e-17)
(1,-2.52564e-17)
(1,-3.4038e-18)
(1,-2.14881e-17)
(1,1.18119e-17)
(1,-1.2361e-17)
(1,9.44108e-17)
(1,-8.19467e-18)
(1,-1.69398e-18)
(1,-3.11552e-17)
(1,5.82458e-17)
(1,5.07875e-17)
(1,5.81383e-17)
(1,2.38395e-17)
(1,-3.16292e-18)
(1,-9.67014e-18)
(1,2.01954e-17)
(1,2.44764e-17)
(1,-2.03034e-17)
(1,4.30443e-19)
(1,4.73243e-18)
(1,2.63532e-18)
(1,7.88542e-19)
(1,2.3692e-18)
(1,7.43105e-18)
(1,-1.77794e-18)
(1,1.61499e-17)
(1,-2.56927e-17)
(1,1.08864e-17)
(1,2.93e-17)
(1,-2.23386e-17)
(1,-6.18668e-18)
(1,-5.23263e-17)
(1,-2.22126e-17)
(1,6.07747e-18)
(1,2.97164e-17)
(1,6.90345e-17)
(1,8.40793e-17)
(1,7.10892e-18)
(1,2.84169e-17)
(1,8.31878e-19)
(1,5.68906e-17)
(1,-6.79084e-18)
(1,-2.93939e-17)
(1,6.06462e-17)
(1,-1.3989e-17)
(1,3.5116e-17)
(1,-1.33898e-17)
(1,-2.53889e-17)
(1,-5.87571e-19)
(1,-2.35664e-18)
(1,-1.73412e-18)
(1,2.83461e-18)
(1,2.67574e-18)
(1,5.73624e-21)
(1,-6.80871e-18)
(1,-7.83812e-18)
(1,-2.53449e-17)
(1,-2.56968e-18)
(1,-3.68081e-17)
(1,-1.71851e-17)
(1,-4.15314e-18)
(1,-1.72577e-18)
(1,4.42336e-17)
(1,1.06319e-17)
(1,2.75787e-17)
(1,-1.44517e-17)
(1,1.13702e-17)
(1,-3.8929e-17)
(1,1.48025e-17)
(1,7.33035e-17)
(1,6.08641e-17)
(1,-6.91387e-17)
(1,1.6268e-17)
(1,-1.50474e-17)
(1,-1.85306e-17)
(1,3.15345e-17)
(1,1.16548e-18)
(1,-1.03111e-17)
(1,5.74977e-18)
(1,-1.38373e-19)
(1,-2.05013e-18)
(1,2.50184e-18)
(1,1.28228e-17)
(1,9.90697e-18)
(1,1.71837e-17)
(1,-1.84972e-17)
(1,6.32233e-18)
(1,-3.5792e-17)
(1,-6.13868e-18)
(1,-5.36306e-17)
(1,-1.75407e-17)
(1,-6.13248e-19)
(1,-6.72185e-17)
(1,1.31003e-17)
(1,1.26189e-17)
(1,-1.22208e-17)
(1,5.08746e-17)
(1,-1.58734e-17)
(1,3.07711e-18)
(1,-2.53977e-17)
(1,3.012e-17)
(1,7.30359e-18)
(1,6.4829e-17)
(1,1.14782e-17)
(1,2.00419e-17)
(1,1.26053e-17)
(1,-1.45427e-17)
(1,3.64585e-18)
(1,-5.43807e-18)
(1,-1.62716e-18)
(1,3.85263e-18)
(1,9.04584e-18)
(1,1.37553e-18)
(1,-2.29002e-17)
(1,-1.43803e-17)
(1,-4.27915e-17)
(1,-4.423e-17)
(1,2.71204e-17)
(1,4.697e-17)
(1,-2.56377e-17)
(1,5.24181e-17)
(1,3.62011e-17)
(1,5.31745e-17)
(1,-5.75978e-18)
(1,6.11913e-18)
(1,-4.22763e-17)
(1,-2.03828e-17)
(1,-3.93394e-17)
(1,3.32463e-17)
(1,-3.34556e-17)
(1,2.90248e-18)
(1,2.5192e-17)
(1,-1.56311e-17)
(1,4.48894e-18)
(1,-6.7934e-18)
(1,-2.07172e-17)
(1,-2.40456e-18)
(1,4.8094e-18)
(1,-7.36942e-19)
(1,-3.67096e-18)
(1,-6.44377e-18)
(1,-7.40037e-18)
(1,-8.54408e-18)
(1,-8.94338e-18)
(1,-1.07522e-17)
(1,-1.07579e-17)
(1,-2.2885e-18)
(1,-5.64355e-18)
(1,-9.76253e-18)
(1,-2.9832e-17)
(1,-5.98785e-17)
(1,1.70262e-17)
(1,-5.7554e-17)
(1,-1.60511e-17)
(1,-5.48236e-17)
(1,3.35969e-17)
(1,-3.23284e-17)
(1,4.38399e-18)
(1,2.57582e-17)
(1,-3.19842e-19)
(1,-6.63417e-19)
(1,-3.02462e-17)
(1,-2.15756e-17)
(1,-2.24883e-17)
(1,-9.4931e-18)
(1,-6.73464e-18)
(1,-2.99698e-18)
(1,1.98067e-18)
(1,-4.93045e-18)
(1,7.29417e-18)
(1,5.89921e-18)
(1,9.57822e-18)
(1,1.34971e-17)
(1,9.98382e-18)
(1,5.52497e-18)
(1,5.6039e-17)
(1,4.80711e-18)
(1,8.69146e-18)
(1,-2.57497e-17)
(1,5.60218e-18)
(1,3.98728e-17)
(1,4.75647e-19)
(1,9.01698e-18)
(1,-1.24096e-17)
(1,-1.83921e-17)
(1,5.17211e-17)
(1,3.77263e-17)
(1,-9.32464e-18)
(1,5.67623e-17)
(1,1.27871e-17)
(1,3.60626e-18)
(1,-7.40965e-18)
(1,1.2121e-18)
(1,-1.4069e-17)
(1,-1.0339e-18)
(1,-4.29783e-18)
(1,1.09142e-18)
(1,-2.52476e-18)
(1,-6.06028e-18)
(1,1.11106e-17)
(1,-1.31394e-17)
(1,1.52013e-17)
(1,-2.8765e-17)
(1,-2.47883e-17)
(1,8.95788e-18)
(1,6.44471e-17)
(1,2.28766e-17)
(1,-3.60549e-17)
(1,1.42757e-17)
(1,-1.07819e-17)
(1,-4.09566e-17)
(1,5.13397e-17)
(1,9.19631e-18)
(1,2.0473e-17)
(1,2.97093e-17)
(1,-1.4973e-17)
(1,1.20714e-18)
(1,-1.36748e-17)
(1,-1.90495e-17)
(1,9.15997e-18)
(1,-1.70077e-17)
(1,-2.19785e-17)
(1,-8.23344e-18)
(1,1.56994e-17)
(1,8.55566e-18)
(1,8.78103e-19)
(1,-1.15599e-18)
(1,-1.13026e-17)
(1,-9.36669e-18)
(1,1.99167e-17)
(1,-5.02414e-18)
(1,-2.81986e-17)
(1,-5.42127e-18)
(1,5.59838e-17)
(1,-1.66603e-17)
(1,1.80917e-17)
(1,6.09727e-18)
(1,2.44337e-17)
(1,-1.40901e-17)
(1,-7.43651e-17)
(1,1.25918e-17)
(1,-7.17786e-17)
(1,3.25884e-17)
(1,8.64104e-18)
(1,4.63348e-17)
(1,-1.40405e-18)
(1,-5.35499e-17)
(1,1.42786e-17)
(1,-9.2521e-18)
(1,-9.35025e-18)
(1,-2.274e-17)
(1,-7.10094e-18)
(1,-1.35823e-17)
(1,2.43751e-17)
(1,5.49811e-18)
(1,-1.27543e-17)
(1,-9.76857e-19)
(1,-6.0551e-18)
(1,4.50561e-18)
(1,3.81005e-18)
(1,1.07367e-17)
(1,-2.04674e-17)
(1,-2.36678e-17)
(1,-2.66474e-17)
(1,1.22756e-17)
(1,2.44866e-17)
(1,-1.24546e-18)
(1,-5.24508e-18)
(1,3.84828e-17)
(1,-1.91759e-17)
(1,7.87956e-17)
(1,2.21759e-17)
(1,-8.27009e-17)
(1,-1.1819e-17)
(1,-3.62987e-17)
(1,-3.65025e-17)
(1,7.62465e-17)
(1,2.81957e-17)
(1,-6.29895e-18)
(1,-1.77494e-17)
(1,-1.34831e-17)
(1,-1.2553e-18)
(1,-2.43597e-17)
(1,-3.27482e-18)
(1,-1.46662e-17)
(1,1.26007e-17)
(1,6.40521e-18)
(1,2.67501e-18)
(1,3.02435e-19)
(1,-1.97204e-18)
(1,5.30002e-18)
(1,-3.52937e-18)
(1,-2.50455e-17)
(1,-3.74834e-17)
(1,1.88372e-17)
(1,1.74442e-17)
(1,-7.47407e-18)
(1,2.66046e-18)
(1,-2.92464e-17)
(1,-5.84113e-18)
(1,-4.26457e-17)
(1,-4.77164e-18)
(1,9.23733e-17)
(1,-4.67117e-17)
(1,-2.53764e-17)
(1,-5.27241e-17)
(1,5.5274e-17)
(1,-8.01153e-17)
(1,4.61969e-17)
(1,4.29921e-17)
(1,1.04712e-17)
(1,-2.04594e-17)
(1,4.31421e-17)
(1,1.27356e-17)
(1,-1.77803e-17)
(1,-1.42008e-17)
(1,4.60039e-18)
(1,-1.13163e-17)
(1,4.07734e-18)
(1,-5.24281e-19)
(1,2.91909e-18)
(1,4.17467e-18)
(1,1.68504e-18)
(1,-3.19977e-18)
(1,1.86931e-17)
(1,2.78097e-17)
(1,-4.42431e-18)
(1,1.53761e-17)
(1,1.51064e-17)
(1,1.0708e-16)
(1,-4.55272e-17)
(1,1.11894e-17)
(1,1.38218e-17)
(1,6.31134e-17)
(1,-8.02718e-17)
(1,7.45732e-18)
(1,-8.1254e-17)
(1,3.4091e-17)
(1,1.52424e-16)
(1,-6.29837e-17)
(1,-6.27189e-17)
(1,2.23654e-17)
(1,2.56229e-17)
(1,-8.30964e-18)
(1,-9.39826e-18)
(1,3.51881e-19)
(1,-4.24005e-18)
(1,1.33809e-17)
(1,6.72465e-18)
(1,-3.53215e-20)
(1,4.912e-19)
(1,5.55338e-18)
(1,-1.39242e-17)
(1,5.49768e-18)
(1,6.28973e-19)
(1,4.98055e-18)
(1,1.78781e-17)
(1,-8.94702e-18)
(1,1.13343e-17)
(1,-2.44832e-17)
(1,3.18064e-17)
(1,3.05672e-17)
(1,6.28257e-17)
(1,2.26909e-18)
(1,-4.02666e-17)
(1,1.42798e-17)
(1,-3.48632e-17)
(1,-6.59826e-17)
(1,4.15981e-17)
(1,-4.08448e-17)
(1,4.24298e-17)
(1,2.13613e-17)
(1,-3.09254e-17)
(1,-4.31269e-18)
(1,9.8701e-18)
(1,6.48619e-18)
(1,1.09728e-17)
(1,2.08411e-17)
(1,6.09912e-19)
(1,1.80786e-18)
(1,-1.04807e-18)
(1,5.05385e-18)
(1,6.52662e-18)
(1,1.21867e-17)
(1,-2.42458e-17)
(1,2.05501e-17)
(1,-6.14306e-18)
(1,-2.82037e-17)
(1,4.02463e-17)
(1,3.30049e-17)
(1,1.75073e-17)
(1,6.55709e-17)
(1,2.64262e-17)
(1,2.59071e-17)
(1,-1.78905e-17)
(1,-6.03626e-17)
(1,1.05815e-17)
(1,3.23189e-17)
(1,5.04442e-17)
(1,2.25852e-17)
(1,-7.36455e-18)
(1,-3.69407e-17)
(1,3.01482e-17)
(1,-4.34509e-17)
(1,-2.14224e-18)
(1,2.55398e-18)
(1,4.17579e-18)
(1,8.52888e-18)
(1,3.69589e-18)
(1,8.84941e-18)
(1,8.67848e-18)
(1,-1.61362e-18)
(1,1.08429e-18)
(1,-6.52984e-18)
(1,1.49933e-17)
(1,4.68953e-18)
(1,2.96567e-17)
(1,-6.86119e-18)
(1,2.78457e-18)
(1,1.94516e-17)
(1,-9.7488e-18)
(1,4.30762e-17)
(1,3.28879e-17)
(1,7.85363e-17)
(1,-2.17479e-17)
(1,6.26213e-17)
(1,-6.13227e-17)
(1,-7.63875e-17)
(1,2.19062e-17)
(1,-6.70186e-18)
(1,-3.0795e-17)
(1,-4.11407e-17)
(1,-4.60445e-17)
(1,2.83021e-17)
(1,-1.91467e-17)
(1,1.26762e-17)
(1,-6.12173e-18)
(1,1.93217e-18)
(1,-3.89424e-18)
(1,-2.64036e-17)
(1,-7.20967e-18)
(1,1.29015e-17)
(1,-9.54655e-19)
(1,-3.07062e-18)
(1,-6.40431e-18)
(1,-1.64592e-17)
(1,-2.5771e-17)
(1,-2.3605e-17)
(1,-5.65115e-18)
(1,-3.02531e-17)
(1,2.04048e-17)
(1,4.11248e-17)
(1,-2.52073e-17)
(1,1.89725e-17)
(1,6.34583e-17)
(1,2.3622e-17)
(1,-3.23549e-17)
(1,1.17954e-17)
(1,8.72826e-17)
(1,3.6677e-18)
(1,-2.28775e-17)
(1,-2.25155e-17)
(1,-6.223e-18)
(1,4.00646e-17)
(1,2.28593e-17)
(1,3.14298e-17)
(1,2.64333e-17)
(1,2.49412e-17)
(1,3.49678e-17)
(1,1.70887e-17)
(1,3.74508e-17)
(1,1.79536e-17)
(1,1.20867e-17)
(1,3.59672e-18)
(1,2.51976e-18)
(1,2.07918e-18)
(1,-6.62113e-18)
(1,-1.93336e-17)
(1,-6.6577e-18)
(1,-3.02937e-17)
(1,3.78305e-17)
(1,-2.36573e-17)
(1,-1.53299e-17)
(1,7.55283e-18)
(1,-1.88207e-17)
(1,-4.38377e-17)
(1,8.8089e-17)
(1,3.40448e-17)
(1,9.741e-19)
(1,-4.99754e-19)
(1,4.54123e-17)
(1,-1.35751e-17)
(1,-6.26998e-17)
(1,6.88416e-17)
(1,9.50646e-18)
(1,1.01316e-17)
(1,1.78971e-18)
(1,4.03854e-17)
(1,-1.1641e-17)
(1,4.75367e-18)
(1,-8.98758e-18)
(1,2.90912e-17)
(1,1.73397e-18)
(1,5.32583e-18)
(1,-2.6813e-18)
(1,-3.56123e-19)
(1,-5.9724e-18)
(1,8.23958e-18)
(1,-2.22922e-18)
(1,-1.09348e-17)
(1,-2.84751e-18)
(1,2.19676e-17)
(1,7.21877e-17)
(1,4.93024e-17)
(1,6.56426e-17)
(1,-2.6796e-18)
(1,-2.36555e-18)
(1,-4.84099e-17)
(1,-7.33506e-17)
(1,1.43785e-17)
(1,5.91385e-17)
(1,-4.05209e-17)
(1,7.49588e-17)
(1,2.62447e-17)
(1,1.07393e-17)
(1,2.31215e-17)
(1,1.49915e-17)
(1,2.48393e-17)
(1,1.62952e-17)
(1,-1.69053e-17)
(1,-9.49237e-18)
(1,-2.50579e-17)
(1,4.27496e-19)
(1,-1.20949e-17)
(1,1.9097e-18)
(1,6.5922e-19)
(1,4.45715e-19)
(1,-2.77482e-18)
(1,9.36399e-18)
(1,-8.63309e-18)
(1,-4.29509e-17)
(1,2.00142e-17)
(1,-9.35983e-18)
(1,-2.28383e-18)
(1,2.60362e-17)
(1,-4.71633e-19)
(1,-4.4934e-17)
(1,5.7619e-17)
(1,-1.10565e-17)
(1,-7.05307e-17)
(1,-8.98648e-17)
(1,-3.81647e-17)
(1,5.79917e-17)
(1,-6.84734e-17)
(1,2.54302e-17)
(1,-1.36223e-17)
(1,1.21913e-17)
(1,5.14866e-17)
(1,2.33628e-17)
(1,-2.01991e-17)
(1,-2.72254e-17)
(1,2.87404e-17)
(1,1.17331e-17)
(1,-1.88799e-17)
(1,-1.22086e-17)
(1,-1.43501e-17)
(1,2.97311e-19)
(1,7.39251e-19)
(1,3.20341e-18)
(1,-1.27651e-18)
(1,1.03691e-17)
(1,-5.0793e-18)
(1,-1.81764e-18)
(1,-4.99032e-17)
(1,-3.35694e-17)
(1,1.60577e-17)
(1,1.2661e-17)
(1,3.65354e-17)
(1,-4.23669e-18)
(1,-2.49772e-17)
(1,6.04394e-17)
(1,-5.51187e-18)
(1,-2.00418e-17)
(1,2.15292e-17)
(1,5.69024e-17)
(1,-4.04584e-17)
(1,1.07561e-17)
(1,-4.89062e-17)
(1,3.33448e-17)
(1,1.33499e-17)
(1,8.95175e-18)
(1,-1.92243e-17)
(1,2.17376e-17)
(1,-9.63447e-18)
(1,3.0708e-17)
(1,8.10239e-18)
(1,1.18682e-17)
(1,1.53394e-18)
(1,-2.48462e-18)
(1,3.06938e-19)
(1,4.73114e-18)
(1,2.42153e-18)
(1,-4.93262e-18)
(1,-5.64917e-18)
(1,6.46157e-18)
(1,-3.73386e-17)
(1,3.81773e-17)
(1,6.78369e-17)
(1,2.9069e-17)
(1,-2.64005e-17)
(1,5.49007e-18)
(1,4.39202e-17)
(1,4.93731e-17)
(1,7.54107e-17)
(1,5.90928e-17)
(1,3.94555e-17)
(1,5.47108e-17)
(1,-3.43923e-17)
(1,3.51592e-18)
(1,-1.27426e-17)
(1,3.124e-17)
(1,2.749e-17)
(1,7.27358e-18)
(1,1.42313e-17)
(1,-2.7812e-17)
(1,4.00795e-18)
(1,2.12204e-17)
(1,1.33999e-17)
(1,8.40414e-18)
(1,-9.85906e-18)
(1,-1.5817e-18)
(1,-3.86927e-18)
(1,8.93407e-18)
(1,1.29184e-17)
(1,8.87448e-18)
(1,8.31435e-18)
(1,6.4197e-18)
(1,-4.7721e-17)
(1,1.05061e-17)
(1,4.50568e-17)
(1,-7.9401e-19)
(1,9.54991e-18)
(1,-4.0505e-17)
(1,5.73489e-17)
(1,-1.66551e-17)
(1,6.81747e-17)
(1,-2.88108e-17)
(1,-4.83285e-17)
(1,-1.89263e-17)
(1,-9.29657e-18)
(1,-1.64511e-17)
(1,6.68484e-17)
(1,-1.37554e-17)
(1,-4.57344e-17)
(1,1.58111e-17)
(1,-4.96233e-17)
(1,2.6217e-17)
(1,-3.53942e-17)
(1,2.46718e-19)
(1,-7.30329e-19)
(1,7.23326e-18)
(1,1.96489e-18)
(1,1.65259e-18)
(1,4.508e-18)
(1,3.52644e-18)
(1,-1.71375e-17)
(1,1.36812e-17)
(1,-4.69327e-17)
(1,-2.31942e-17)
(1,-2.04553e-17)
(1,-8.51892e-18)
(1,3.02991e-18)
(1,9.98193e-18)
(1,-4.60429e-17)
(1,7.36154e-18)
(1,4.05653e-17)
(1,7.84647e-17)
(1,6.66162e-17)
(1,-5.28307e-17)
(1,4.48242e-17)
(1,-6.03206e-17)
(1,3.55344e-17)
(1,-3.34735e-17)
(1,-3.56214e-17)
(1,-5.97686e-18)
(1,3.2702e-17)
(1,-3.01035e-17)
(1,-3.9932e-18)
(1,2.60958e-17)
(1,4.07291e-17)
(1,-1.45583e-17)
(1,1.53504e-17)
(1,7.35212e-18)
(1,-8.82832e-19)
(1,5.45293e-20)
(1,-1.617e-17)
(1,-1.43918e-17)
(1,-5.70955e-18)
(1,-1.12267e-17)
(1,9.20716e-18)
(1,7.1492e-18)
(1,1.69487e-17)
(1,4.40609e-17)
(1,-3.55405e-17)
(1,8.16891e-17)
(1,2.84741e-17)
(1,-1.37034e-18)
(1,5.98248e-18)
(1,-6.64682e-18)
(1,-1.81284e-18)
(1,-7.97201e-18)
(1,-2.98708e-17)
(1,2.03719e-18)
(1,-2.92155e-17)
(1,-4.26646e-17)
(1,5.97499e-17)
(1,4.26841e-17)
(1,-5.39934e-17)
(1,1.0889e-17)
(1,-2.48303e-17)
(1,2.59488e-17)
(1,2.97165e-17)
(1,3.52283e-18)
(1,3.53209e-18)
(1,-2.73722e-18)
(1,-3.77692e-18)
(1,-3.11048e-18)
(1,5.05096e-18)
(1,6.4458e-18)
(1,-2.17535e-17)
(1,-3.78649e-17)
(1,-3.68327e-18)
(1,4.08556e-18)
(1,-2.62872e-17)
(1,3.66175e-17)
(1,-2.92201e-17)
(1,5.00608e-17)
(1,1.21101e-17)
(1,-4.47137e-17)
(1,6.68462e-17)
(1,2.16598e-17)
(1,-7.66899e-17)
(1,3.12568e-18)
(1,-3.78489e-17)
(1,4.04421e-17)
(1,-2.44989e-17)
(1,-9.62987e-17)
(1,-5.67271e-17)
(1,4.42264e-18)
(1,-2.88553e-18)
(1,-4.6384e-17)
(1,1.54255e-17)
(1,3.9642e-17)
(1,-7.04183e-18)
(1,-6.83354e-18)
(1,2.84996e-18)
(1,3.35793e-19)
(1,7.29145e-18)
(1,-9.61006e-18)
(1,-8.57839e-18)
(1,1.54441e-17)
(1,1.23308e-17)
(1,-1.47084e-17)
(1,-8.27611e-18)
(1,1.14773e-18)
(1,-3.3831e-17)
(1,3.71677e-17)
(1,2.072e-17)
(1,-6.39825e-17)
(1,5.16148e-17)
(1,4.08683e-17)
(1,-7.56839e-17)
(1,-4.1318e-17)
(1,8.62412e-17)
(1,-4.28476e-17)
(1,-4.20955e-18)
(1,-3.17421e-17)
(1,9.95742e-17)
(1,-6.29586e-18)
(1,-4.14038e-17)
(1,1.46656e-18)
(1,1.18283e-17)
(1,-3.34469e-17)
(1,7.41224e-19)
(1,7.43554e-18)
(1,3.20742e-18)
(1,3.78208e-18)
(1,1.13772e-18)
(1,3.48752e-18)
(1,1.59836e-18)
(1,-6.63338e-19)
(1,2.1959e-17)
(1,4.28048e-18)
(1,1.68184e-18)
(1,7.28055e-18)
(1,1.10695e-17)
(1,-2.50202e-17)
(1,6.06982e-17)
(1,8.09626e-18)
(1,-2.55461e-17)
(1,1.02152e-17)
(1,-1.71594e-19)
(1,-7.45753e-17)
(1,2.05129e-17)
(1,-8.73189e-18)
(1,-5.32261e-17)
(1,4.51778e-17)
(1,-2.17355e-17)
(1,-1.55578e-17)
(1,4.16284e-17)
(1,3.74965e-19)
(1,-1.22793e-17)
(1,-1.97335e-17)
(1,2.47186e-17)
(1,1.17873e-17)
(1,-6.22253e-19)
(1,1.92392e-18)
(1,1.74093e-17)
(1,-4.73547e-18)
(1,2.0427e-18)
(1,1.64567e-18)
(1,1.20108e-17)
(1,1.45152e-17)
(1,-1.63379e-17)
(1,-1.58139e-17)
(1,-5.08601e-18)
(1,3.26793e-17)
(1,-2.65265e-17)
(1,4.45798e-17)
(1,-1.18683e-18)
