(n, l, m)
(3, 2, -2): 1.91557679e-03	-4.37340691e-02	1.70528085e-03


(2, 1, -1): 2.57385559e-04	-8.55455387e-03	-1.35722204e-02
(3, 1, -1): 9.89598352e-05	1.47781070e-03	9.83747481e-03

(3, 2, -1): 0.00000000e+00	0.00000000e+00	0.00000000e+00


(1, 0, 0): 9.75621186e-01	-4.86761070e-01	8.59467770e-01
(2, 0, 0): 2.07105708e-04	2.38956536e-03	-1.41913948e-02
(3, 0, 0): 1.84623158e-03	-3.81841458e-02	-1.97028574e-02

(2, 1, 0): 0.00000000e+00	0.00000000e+00	0.00000000e+00
(3, 1, 0): 0.00000000e+00	0.00000000e+00	0.00000000e+00

(3, 2, 0): 1.27705119e-03	3.57087179e-02	-1.39235601e-03


(2, 1, 1): 2.57385558e-04	8.55455384e-03	1.35722204e-02
(3, 1, 1): 9.89598344e-05	-1.47781070e-03	-9.83747478e-03

(3, 2, 1): 0.00000000e+00	0.00000000e+00	0.00000000e+00


(3, 2, 2): 1.91557678e-03	-4.37340690e-02	1.70528100e-03


