(1,5.71592e-18)
(1,1.02249e-17)
(1,1.71579e-17)
(1,-8.68997e-18)
(1,1.95164e-17)
(1,-7.06456e-18)
(1,3.72178e-17)
(1,-3.59217e-17)
(1,-1.87502e-18)
(1,-5.87865e-17)
(1,2.24798e-17)
(1,-2.15739e-17)
(1,-3.53474e-17)
(1,2.77962e-17)
(1,3.15096e-17)
(1,-2.96127e-17)
(1,-2.37896e-17)
(1,1.8262e-17)
(1,7.3852e-18)
(1,-3.96577e-19)
(1,5.8804e-17)
(1,6.7255e-17)
(1,4.04269e-19)
(1,2.00252e-17)
(1,-2.42864e-17)
(1,-1.67182e-17)
(1,-2.94307e-18)
(1,-1.65509e-17)
(1,-5.62595e-18)
(1,-1.84815e-18)
(1,-2.15589e-18)
(1,-1.52937e-19)
(1,-5.48426e-19)
(1,3.06666e-18)
(1,-4.88908e-19)
(1,-6.61995e-18)
(1,3.09233e-17)
(1,4.05154e-17)
(1,1.68141e-17)
(1,-1.34606e-17)
(1,-4.77308e-18)
(1,-3.00095e-17)
(1,-5.73393e-17)
(1,4.84141e-17)
(1,6.71913e-17)
(1,-4.57029e-17)
(1,-2.17447e-17)
(1,2.79439e-17)
(1,1.07186e-17)
(1,2.559e-17)
(1,5.90498e-17)
(1,-4.68428e-17)
(1,5.98382e-18)
(1,-3.78909e-17)
(1,1.04522e-17)
(1,-2.91444e-17)
(1,-9.26369e-18)
(1,-3.48063e-17)
(1,-3.67814e-18)
(1,-1.3138e-17)
(1,-1.24718e-18)
(1,-7.35678e-19)
(1,-1.01256e-18)
(1,1.31696e-18)
(1,4.64355e-18)
(1,-1.56043e-17)
(1,-8.41534e-18)
(1,-1.10242e-18)
(1,1.65935e-17)
(1,-8.80667e-18)
(1,-6.4193e-17)
(1,4.36302e-17)
(1,-9.55238e-18)
(1,7.88403e-18)
(1,1.21255e-17)
(1,-3.64155e-17)
(1,7.18815e-17)
(1,2.58651e-17)
(1,-9.19698e-18)
(1,1.19339e-17)
(1,-4.15142e-17)
(1,-4.47253e-17)
(1,-4.45124e-17)
(1,-1.4303e-17)
(1,-3.82768e-17)
(1,-2.72888e-17)
(1,2.04091e-17)
(1,3.34587e-17)
(1,3.67107e-18)
(1,-4.00166e-18)
(1,-2.40842e-18)
(1,1.00915e-17)
(1,-4.91289e-18)
(1,1.72399e-19)
(1,-1.79639e-18)
(1,-2.99954e-18)
(1,-7.5275e-18)
(1,9.10437e-18)
(1,2.25705e-18)
(1,3.0458e-17)
(1,1.54328e-17)
(1,-2.5945e-17)
(1,-3.72692e-17)
(1,1.34216e-18)
(1,2.31435e-17)
(1,-3.1141e-17)
(1,3.49278e-17)
(1,-1.01164e-16)
(1,-5.24469e-17)
(1,-7.16401e-19)
(1,-3.8695e-17)
(1,-2.23046e-17)
(1,-6.13645e-18)
(1,-5.1666e-17)
(1,-4.10086e-17)
(1,-3.60361e-17)
(1,-1.1777e-17)
(1,-5.93318e-17)
(1,-1.41882e-17)
(1,2.4252e-17)
(1,-6.55416e-18)
(1,-1.87071e-19)
(1,-1.22388e-18)
(1,-2.5457e-18)
(1,2.11437e-18)
(1,-1.71429e-18)
(1,1.14925e-17)
(1,-7.44637e-18)
(1,-1.49406e-17)
(1,1.68654e-18)
(1,4.31526e-17)
(1,-8.85738e-18)
(1,-2.21688e-18)
(1,4.8279e-17)
(1,7.35054e-17)
(1,-9.78498e-18)
(1,-1.94451e-18)
(1,3.65351e-17)
(1,5.47144e-17)
(1,2.64775e-17)
(1,5.55569e-17)
(1,-5.69472e-17)
(1,-7.519e-17)
(1,1.37424e-16)
(1,1.54897e-18)
(1,-7.44355e-17)
(1,2.09781e-17)
(1,3.45629e-17)
(1,2.31025e-18)
(1,-5.91939e-17)
(1,3.77356e-17)
(1,-4.19985e-17)
(1,1.84465e-17)
(1,-1.30291e-17)
(1,4.19348e-18)
(1,-3.09082e-18)
(1,-1.09833e-18)
(1,-2.68819e-18)
(1,8.2474e-18)
(1,-9.34565e-18)
(1,-3.58657e-18)
(1,1.74882e-17)
(1,1.53376e-17)
(1,4.80961e-17)
(1,1.38929e-17)
(1,-1.02957e-17)
(1,-3.31529e-17)
(1,-5.44457e-18)
(1,-1.07237e-16)
(1,4.33772e-18)
(1,2.58355e-17)
(1,-9.88068e-17)
(1,3.94186e-17)
(1,-1.06112e-17)
(1,-4.48924e-17)
(1,-1.83911e-18)
(1,3.76844e-17)
(1,2.43571e-17)
(1,1.71548e-17)
(1,4.13378e-18)
(1,-1.18933e-17)
(1,1.12002e-17)
(1,5.38605e-17)
(1,-2.57998e-17)
(1,6.1595e-18)
(1,3.21963e-18)
(1,1.02219e-17)
(1,2.17557e-18)
(1,1.42156e-18)
(1,-8.69159e-18)
(1,-1.18673e-17)
(1,-1.40446e-17)
(1,1.28614e-17)
(1,-5.89828e-18)
(1,1.15345e-17)
(1,7.52864e-17)
(1,1.24518e-17)
(1,1.31831e-18)
(1,-9.3152e-17)
(1,-3.19272e-17)
(1,-4.07399e-18)
(1,3.39205e-17)
(1,2.66083e-18)
(1,-3.19541e-17)
(1,-1.3988e-18)
(1,-1.59619e-17)
(1,8.51488e-18)
(1,5.16388e-18)
(1,-4.22178e-17)
(1,5.49906e-17)
(1,-7.52512e-18)
(1,1.61449e-17)
(1,1.78348e-17)
(1,-2.48572e-18)
(1,-2.22121e-17)
(1,-2.44759e-18)
(1,1.6105e-18)
(1,2.16619e-18)
(1,-4.26171e-18)
(1,-2.92192e-19)
(1,-6.85223e-18)
(1,-2.18881e-17)
(1,-2.16875e-17)
(1,2.9724e-18)
(1,-2.15562e-17)
(1,-9.88331e-17)
(1,5.66771e-18)
(1,4.9649e-17)
(1,-9.85176e-19)
(1,-3.46944e-17)
(1,2.3672e-18)
(1,-5.27563e-17)
(1,9.87543e-17)
(1,5.08893e-17)
(1,-1.69624e-18)
(1,-3.17751e-17)
(1,-3.55171e-17)
(1,-1.16568e-17)
(1,-1.23714e-17)
(1,3.25644e-17)
(1,-4.13697e-17)
(1,1.62313e-17)
(1,4.41095e-17)
(1,2.53347e-17)
(1,-1.24054e-17)
(1,8.25798e-18)
(1,-1.94653e-17)
(1,-2.80843e-18)
(1,-1.41461e-17)
(1,1.17586e-17)
(1,2.0458e-18)
(1,5.51935e-19)
(1,-4.54049e-18)
(1,6.70254e-18)
(1,-3.36807e-17)
(1,4.37769e-18)
(1,-1.21182e-17)
(1,5.1986e-17)
(1,2.26986e-17)
(1,9.24961e-18)
(1,2.63636e-17)
(1,6.78351e-18)
(1,-1.43838e-17)
(1,6.20307e-17)
(1,1.04133e-16)
(1,-3.83542e-17)
(1,-5.96799e-17)
(1,6.21083e-17)
(1,1.37997e-17)
(1,-4.83532e-17)
(1,-1.17687e-17)
(1,-3.15841e-17)
(1,2.46923e-17)
(1,-3.51152e-17)
(1,6.52131e-18)
(1,-5.19706e-17)
(1,-1.49731e-17)
(1,-1.5678e-17)
(1,4.49307e-17)
(1,-1.61246e-17)
(1,4.71122e-18)
(1,1.14071e-18)
(1,-7.84946e-19)
(1,6.9138e-18)
(1,-1.27123e-18)
(1,-8.76548e-18)
(1,-1.61817e-17)
(1,5.50152e-18)
(1,-2.64572e-17)
(1,1.53468e-18)
(1,3.00173e-17)
(1,6.24463e-17)
(1,4.44988e-17)
(1,-8.97573e-17)
(1,1.07327e-16)
(1,-3.58619e-17)
(1,2.92212e-17)
(1,2.60711e-17)
(1,-1.47234e-17)
(1,3.39226e-17)
(1,2.74228e-17)
(1,6.03936e-19)
(1,-1.00886e-16)
(1,1.51919e-17)
(1,-7.08295e-17)
(1,6.56127e-17)
(1,5.4367e-18)
(1,2.65071e-17)
(1,2.61547e-17)
(1,2.98733e-17)
(1,2.12465e-17)
(1,2.39105e-18)
(1,-2.9822e-18)
(1,5.32211e-19)
(1,-5.55595e-18)
(1,6.71184e-18)
(1,2.09129e-17)
(1,1.31617e-17)
(1,-3.0912e-19)
(1,1.09045e-17)
(1,4.70604e-17)
(1,4.0366e-17)
(1,4.01421e-17)
(1,-1.47991e-17)
(1,-7.76689e-18)
(1,6.81357e-17)
(1,-1.87031e-17)
(1,-1.48537e-17)
(1,-1.59011e-17)
(1,6.72177e-17)
(1,2.19491e-17)
(1,4.03922e-17)
(1,-7.40043e-17)
(1,-1.08313e-17)
(1,1.03933e-17)
(1,-1.3433e-18)
(1,1.56384e-17)
(1,-6.75528e-18)
(1,4.43852e-17)
(1,-8.89798e-18)
(1,2.80662e-18)
(1,2.02725e-17)
(1,1.61673e-17)
(1,1.81875e-18)
(1,-9.97805e-19)
(1,-9.91197e-19)
(1,2.38889e-18)
(1,-5.60371e-18)
(1,-9.63222e-18)
(1,-2.3191e-17)
(1,3.97685e-17)
(1,-5.1027e-18)
(1,3.46219e-17)
(1,-1.88294e-17)
(1,-2.89598e-17)
(1,-2.66543e-17)
(1,-1.01916e-18)
(1,-1.08497e-17)
(1,2.09286e-17)
(1,4.3963e-17)
(1,-5.73963e-18)
(1,4.14838e-17)
(1,5.37567e-17)
(1,-2.67374e-17)
(1,-3.47884e-17)
(1,-2.70102e-17)
(1,5.92004e-17)
(1,-5.01385e-18)
(1,-1.65195e-17)
(1,-3.72657e-17)
(1,-9.06707e-18)
(1,-9.45269e-18)
(1,2.79716e-17)
(1,6.03205e-18)
(1,3.46483e-18)
(1,-1.80175e-18)
(1,2.64567e-18)
(1,-2.38266e-18)
(1,-6.45332e-18)
(1,-1.34971e-19)
(1,4.79816e-18)
(1,-9.73694e-18)
(1,3.75987e-17)
(1,3.52966e-17)
(1,2.53955e-17)
(1,-4.38881e-18)
(1,3.37676e-17)
(1,4.57462e-18)
(1,-3.66996e-17)
(1,2.52787e-17)
(1,1.6039e-17)
(1,7.54427e-17)
(1,-4.11617e-17)
(1,3.06067e-18)
(1,-1.19338e-17)
(1,2.92024e-17)
(1,-2.63402e-18)
(1,-5.5333e-17)
(1,-1.10544e-17)
(1,-3.4636e-17)
(1,-1.11557e-17)
(1,1.76204e-17)
(1,1.88776e-17)
(1,1.16307e-17)
(1,-4.70513e-18)
(1,4.67149e-18)
(1,-1.19024e-18)
(1,-1.96957e-18)
(1,-3.71457e-18)
(1,-5.2747e-19)
(1,-4.68297e-18)
(1,2.52985e-17)
(1,1.98019e-18)
(1,-3.95054e-17)
(1,1.37928e-17)
(1,-9.88037e-17)
(1,7.11058e-17)
(1,-5.04968e-18)
(1,-3.49554e-17)
(1,-6.66449e-18)
(1,1.97238e-17)
(1,5.60417e-17)
(1,2.27156e-17)
(1,5.10037e-17)
(1,5.75414e-18)
(1,-1.38998e-17)
(1,1.1851e-17)
(1,-1.17833e-16)
(1,3.4443e-17)
(1,-4.53838e-17)
(1,4.62302e-18)
(1,-1.41911e-17)
(1,1.71992e-17)
(1,6.03076e-18)
(1,1.54463e-17)
(1,-1.69118e-17)
(1,-1.09674e-18)
(1,8.0251e-19)
(1,2.25569e-18)
(1,-8.41445e-18)
(1,1.50587e-18)
(1,1.92462e-17)
(1,7.57733e-18)
(1,2.99351e-17)
(1,-4.4099e-17)
(1,6.55586e-17)
(1,5.43849e-17)
(1,6.89877e-18)
(1,-3.29587e-17)
(1,2.55168e-17)
(1,1.01429e-16)
(1,5.79301e-18)
(1,2.54528e-17)
(1,4.5026e-17)
(1,-8.07237e-18)
(1,-5.2401e-17)
(1,-3.7767e-18)
(1,-4.9297e-17)
(1,7.42887e-17)
(1,6.2988e-17)
(1,-1.0586e-17)
(1,2.79871e-17)
(1,-2.71972e-17)
(1,1.83841e-18)
(1,4.43423e-17)
(1,1.65567e-18)
(1,-1.55892e-17)
(1,5.28858e-18)
(1,6.67084e-19)
(1,4.26188e-20)
(1,-7.91906e-18)
(1,2.72212e-17)
(1,1.14246e-17)
(1,-2.01637e-17)
(1,-2.1174e-17)
(1,-3.85277e-17)
(1,2.66803e-17)
(1,-1.66644e-17)
(1,-3.16128e-17)
(1,-4.06565e-17)
(1,-4.16249e-18)
(1,2.55659e-17)
(1,3.61815e-18)
(1,2.76613e-17)
(1,7.11291e-17)
(1,1.83302e-17)
(1,8.18979e-17)
(1,-9.92252e-18)
(1,-5.75903e-17)
(1,-3.39003e-17)
(1,-4.65683e-17)
(1,1.56156e-17)
(1,1.77715e-17)
(1,-3.14586e-17)
(1,1.74247e-17)
(1,-1.55771e-18)
(1,-2.7416e-17)
(1,2.529e-18)
(1,-3.00785e-19)
(1,2.02398e-18)
(1,-2.18072e-19)
(1,-1.27634e-17)
(1,-1.0543e-17)
(1,1.36836e-17)
(1,-2.62915e-17)
(1,-2.42114e-18)
(1,4.01695e-18)
(1,1.70296e-18)
(1,-2.429e-17)
(1,-5.27641e-17)
(1,-2.37739e-17)
(1,2.79171e-17)
(1,3.17318e-17)
(1,4.42398e-18)
(1,1.92483e-18)
(1,-1.76356e-17)
(1,-4.79559e-17)
(1,1.22945e-17)
(1,6.06984e-17)
(1,-7.99208e-18)
(1,-1.50974e-17)
(1,4.21328e-17)
(1,-2.42735e-17)
(1,1.69296e-18)
(1,2.53847e-17)
(1,3.24773e-17)
(1,-5.66701e-18)
(1,2.08935e-17)
(1,2.9044e-18)
(1,-3.73675e-18)
(1,6.23762e-20)
(1,3.33716e-18)
(1,-1.34742e-17)
(1,-3.18398e-18)
(1,2.79894e-18)
(1,2.82075e-17)
(1,-1.64887e-17)
(1,-3.35371e-17)
(1,5.51115e-17)
(1,3.26434e-17)
(1,-1.61665e-18)
(1,5.14457e-17)
(1,-6.99238e-18)
(1,1.63576e-17)
(1,4.56589e-17)
(1,-2.86059e-17)
(1,1.17685e-17)
(1,3.14437e-17)
(1,8.65179e-17)
(1,2.01293e-17)
(1,1.33216e-17)
(1,-3.1081e-17)
(1,1.70426e-17)
(1,-2.15255e-17)
(1,6.05421e-18)
(1,-1.88991e-17)
(1,2.03957e-17)
(1,-1.85114e-19)
(1,-2.67806e-17)
(1,-2.66285e-19)
(1,-6.64433e-19)
(1,-1.49196e-19)
(1,2.33956e-18)
(1,-1.15859e-19)
(1,-4.34371e-18)
(1,9.52071e-18)
(1,-9.53752e-18)
(1,-2.29399e-17)
(1,-1.27824e-17)
(1,6.61128e-18)
(1,6.43381e-17)
(1,-1.02492e-17)
(1,4.82995e-17)
(1,-6.90525e-17)
(1,3.03926e-17)
(1,-6.0341e-17)
(1,3.71337e-17)
(1,5.48299e-17)
(1,-4.36429e-17)
(1,-5.0474e-18)
(1,-8.25988e-18)
(1,-1.89664e-17)
(1,2.92032e-17)
(1,6.12559e-17)
(1,-1.12047e-17)
(1,-7.53602e-18)
(1,4.27871e-17)
(1,4.17082e-17)
(1,6.20665e-18)
(1,3.04981e-17)
(1,-1.08537e-17)
(1,2.76624e-18)
(1,-1.28504e-18)
(1,2.71776e-18)
(1,6.32601e-18)
(1,4.67261e-18)
(1,-1.92136e-17)
(1,2.75071e-17)
(1,-3.3028e-17)
(1,-2.99154e-17)
(1,2.88169e-17)
(1,1.69695e-17)
(1,2.7478e-17)
(1,5.03805e-18)
(1,9.68059e-17)
(1,4.20429e-17)
(1,9.24372e-18)
(1,-3.0373e-17)
(1,-5.6928e-18)
(1,-7.60031e-18)
(1,2.59266e-17)
(1,4.43083e-17)
(1,-1.36533e-17)
(1,1.58652e-17)
(1,2.85345e-17)
(1,3.1964e-17)
(1,5.18121e-17)
(1,-1.56154e-17)
(1,4.98899e-18)
(1,-4.28221e-18)
(1,-1.4348e-17)
(1,-9.6906e-18)
(1,-9.87609e-19)
(1,1.48623e-18)
(1,-2.86559e-18)
(1,-8.70893e-18)
(1,2.14666e-18)
(1,-2.58405e-18)
(1,5.06772e-17)
(1,-1.58033e-17)
(1,2.22135e-18)
(1,-8.03937e-17)
(1,-2.21681e-17)
(1,-7.5398e-18)
(1,3.86767e-17)
(1,3.91849e-17)
(1,-8.88006e-18)
(1,5.60575e-17)
(1,-6.11493e-17)
(1,1.65408e-17)
(1,-6.44459e-18)
(1,4.16596e-17)
(1,3.67793e-18)
(1,3.06494e-17)
(1,6.38978e-18)
(1,-1.48673e-17)
(1,-6.51749e-17)
(1,-5.90576e-18)
(1,1.83287e-17)
(1,-7.44802e-18)
(1,8.72803e-18)
(1,-3.5467e-18)
(1,3.98132e-19)
(1,4.72342e-19)
(1,-1.09701e-18)
(1,-1.68157e-17)
(1,1.85382e-17)
(1,3.44518e-18)
(1,1.52968e-18)
(1,3.14241e-17)
(1,-1.13651e-17)
(1,-4.36538e-17)
(1,-4.17124e-19)
(1,6.29659e-18)
(1,-7.3202e-17)
(1,4.30841e-17)
(1,-4.95783e-17)
(1,-2.68171e-18)
(1,1.5715e-17)
(1,-4.56976e-18)
(1,-5.67429e-17)
(1,6.22836e-17)
(1,-5.79329e-17)
(1,2.57099e-17)
(1,6.1502e-19)
(1,2.72704e-17)
(1,-2.97794e-17)
(1,-2.14896e-17)
(1,-4.46731e-18)
(1,8.62596e-18)
(1,-4.45842e-18)
(1,7.0237e-18)
(1,1.36026e-18)
(1,7.90829e-18)
(1,-4.09565e-18)
(1,-2.15775e-18)
(1,3.19743e-17)
(1,-4.0191e-17)
(1,1.54723e-18)
(1,3.09438e-17)
(1,-1.23749e-17)
(1,-4.2909e-17)
(1,6.34984e-19)
(1,-5.88818e-18)
(1,3.93963e-17)
(1,2.49083e-17)
(1,7.48959e-18)
(1,-7.11733e-17)
(1,-4.04503e-17)
(1,-6.36718e-17)
(1,2.16163e-17)
(1,-3.29651e-18)
(1,1.87287e-18)
(1,1.3194e-17)
(1,-3.12936e-17)
(1,2.11415e-17)
(1,1.68868e-17)
(1,-1.47362e-17)
(1,-2.11968e-18)
(1,3.53413e-18)
(1,-1.85011e-18)
(1,4.46951e-18)
(1,1.24951e-17)
(1,8.5088e-18)
(1,-2.07503e-17)
(1,-2.79818e-17)
(1,3.02065e-17)
(1,1.60806e-17)
(1,-8.20846e-18)
(1,-2.47039e-17)
(1,9.65413e-18)
(1,-2.43845e-17)
(1,-7.39566e-17)
(1,-1.51066e-17)
(1,1.228e-17)
(1,-3.07546e-17)
(1,-1.80558e-17)
(1,-1.0183e-17)
(1,-3.64702e-17)
(1,-4.13111e-17)
(1,3.00669e-17)
(1,2.2526e-18)
(1,-2.66679e-17)
(1,-9.77525e-18)
(1,-3.01325e-17)
(1,4.19734e-19)
(1,-1.57466e-17)
(1,7.24161e-18)
(1,2.1556e-18)
(1,-2.0173e-18)
(1,-4.2408e-18)
(1,-2.26492e-17)
(1,-7.72346e-19)
(1,-1.5587e-17)
(1,-2.07361e-17)
(1,-4.37201e-17)
(1,-1.83827e-17)
(1,4.55414e-17)
(1,1.18695e-17)
(1,7.29706e-17)
(1,7.43814e-18)
(1,3.33875e-17)
(1,6.40199e-17)
(1,-6.07547e-17)
(1,3.13737e-17)
(1,-4.03639e-17)
(1,4.57102e-17)
(1,1.78872e-17)
(1,1.16866e-17)
(1,5.89554e-18)
(1,-1.33198e-17)
(1,-5.0405e-17)
(1,6.12621e-18)
(1,-4.80907e-18)
(1,1.58929e-17)
(1,-3.49725e-18)
(1,3.45559e-18)
(1,3.95101e-20)
(1,2.97541e-18)
(1,1.95275e-18)
(1,-1.93421e-17)
(1,2.98884e-17)
(1,-1.52415e-17)
(1,-8.52764e-18)
(1,-5.75448e-18)
(1,2.17197e-17)
(1,2.91982e-17)
(1,-3.82188e-18)
(1,-7.18714e-18)
(1,-4.54575e-18)
(1,1.89482e-18)
(1,3.91228e-19)
(1,1.19256e-17)
(1,-8.64881e-18)
(1,-6.22635e-18)
(1,3.22562e-17)
(1,-5.93196e-17)
(1,-1.51081e-17)
(1,-3.53033e-17)
(1,-6.7171e-17)
(1,-2.52362e-17)
(1,2.72766e-18)
(1,3.20215e-17)
(1,3.66891e-17)
(1,1.36965e-17)
(1,-1.13298e-17)
(1,5.4234e-18)
(1,-2.29775e-19)
(1,-1.40335e-18)
(1,-3.05474e-18)
(1,-2.03556e-18)
(1,5.41894e-19)
(1,-7.7662e-18)
(1,-1.59045e-17)
(1,5.04788e-18)
(1,-2.59844e-17)
(1,-7.42869e-18)
(1,1.84389e-17)
(1,2.85193e-17)
(1,-2.90452e-17)
(1,1.06529e-16)
(1,-1.00406e-17)
(1,-5.72547e-17)
(1,-7.09278e-17)
(1,-6.02613e-17)
(1,-2.0056e-17)
(1,-3.80671e-17)
(1,1.05083e-18)
(1,5.22615e-17)
(1,3.77477e-18)
(1,-1.61557e-17)
(1,-1.78204e-17)
(1,-1.35834e-17)
(1,-1.82069e-17)
(1,-1.2731e-17)
(1,-7.22036e-18)
(1,6.75471e-18)
(1,-1.42651e-17)
(1,-2.95404e-18)
(1,2.14638e-18)
(1,9.85066e-18)
(1,-1.585e-17)
(1,1.63787e-17)
(1,2.57223e-17)
(1,-7.99558e-18)
(1,-3.90408e-17)
(1,-2.46151e-17)
(1,-1.03721e-17)
(1,2.7036e-17)
(1,4.79319e-17)
(1,-2.69815e-17)
(1,-1.29699e-17)
(1,-2.27522e-17)
(1,4.51221e-17)
(1,-3.71311e-17)
(1,8.54021e-18)
(1,-2.19206e-17)
(1,4.08668e-17)
(1,-1.84462e-17)
(1,4.5935e-18)
(1,-8.99384e-18)
(1,-1.6381e-17)
(1,-2.73695e-17)
(1,3.35198e-17)
(1,-3.29632e-17)
(1,2.6607e-17)
(1,1.40155e-17)
(1,3.20115e-18)
(1,-1.70114e-18)
(1,5.22645e-18)
(1,-2.36333e-18)
(1,-2.08856e-18)
(1,-8.64643e-18)
(1,-9.0432e-18)
(1,-3.84612e-17)
(1,-3.99136e-18)
(1,-1.1156e-18)
(1,-5.00945e-17)
(1,-1.8803e-17)
(1,-4.46743e-17)
(1,-7.24264e-18)
(1,-1.06764e-18)
(1,-1.2494e-16)
(1,-1.59671e-17)
(1,2.01031e-17)
(1,8.07744e-18)
(1,5.77291e-17)
(1,8.77769e-18)
(1,1.40563e-17)
(1,6.07695e-18)
(1,-5.41582e-17)
(1,-4.87123e-17)
(1,-7.40509e-18)
(1,3.22762e-18)
(1,-3.34518e-17)
(1,-1.8721e-17)
(1,-2.18022e-17)
(1,-1.84322e-17)
(1,5.74964e-18)
(1,5.34161e-19)
(1,2.614e-18)
(1,6.35479e-18)
(1,-5.93218e-18)
(1,-2.73842e-19)
(1,1.19664e-17)
(1,-6.35251e-18)
(1,3.3753e-17)
(1,1.26144e-17)
(1,-1.29955e-17)
(1,-3.23918e-17)
(1,4.28512e-17)
(1,-2.95612e-17)
(1,-9.84117e-18)
(1,8.19491e-19)
(1,3.71294e-17)
(1,-3.07991e-17)
(1,4.50582e-17)
(1,1.02939e-17)
(1,-4.07703e-17)
(1,-4.43767e-17)
(1,2.97967e-17)
(1,-3.87314e-17)
(1,-3.1257e-17)
(1,-1.7634e-17)
(1,1.42057e-17)
(1,6.22027e-18)
(1,2.00273e-18)
(1,-3.75511e-18)
(1,5.82473e-19)
(1,6.93269e-18)
(1,7.70995e-18)
(1,1.71018e-17)
(1,-8.27717e-18)
(1,-2.87961e-18)
(1,1.30712e-17)
(1,-1.81454e-17)
(1,-6.90552e-17)
(1,-1.8301e-17)
(1,1.95118e-18)
(1,2.3281e-17)
(1,1.78795e-17)
(1,-1.80398e-17)
(1,-2.71537e-17)
(1,1.42782e-17)
(1,4.41081e-20)
(1,-8.27588e-17)
(1,5.74659e-17)
(1,3.99901e-17)
(1,1.18967e-17)
(1,-2.52169e-17)
(1,-3.95688e-17)
(1,-1.06469e-17)
(1,-1.73932e-18)
(1,-5.41552e-18)
(1,-4.77429e-19)
(1,7.58996e-18)
(1,3.11997e-18)
(1,5.59986e-19)
(1,-2.74874e-17)
(1,-1.63374e-17)
(1,8.88352e-18)
(1,-3.57822e-18)
(1,6.49567e-17)
(1,-3.3252e-17)
(1,7.79034e-18)
(1,-4.26671e-17)
(1,-1.20341e-17)
(1,2.39457e-17)
(1,-4.2259e-17)
(1,4.74349e-17)
(1,4.35519e-17)
(1,-1.01583e-17)
(1,1.89458e-17)
(1,-2.88133e-17)
(1,3.99444e-17)
(1,1.81434e-19)
(1,-1.17626e-17)
(1,-9.6444e-18)
(1,1.36479e-17)
(1,-2.85319e-18)
(1,-1.14684e-18)
(1,-7.78417e-18)
(1,8.9786e-18)
(1,2.96078e-17)
(1,1.80736e-18)
(1,-4.61655e-17)
(1,-2.68784e-18)
(1,-5.55416e-17)
(1,-2.18751e-17)
(1,1.68e-17)
(1,1.43118e-17)
(1,7.17801e-19)
(1,-2.5514e-18)
(1,2.03357e-17)
(1,2.92286e-17)
(1,4.13328e-17)
(1,-3.88804e-17)
(1,-4.14551e-17)
(1,-2.08454e-17)
(1,-2.4371e-17)
(1,2.39728e-17)
(1,-2.82739e-17)
(1,2.93072e-17)
(1,-7.80671e-18)
(1,1.15614e-17)
(1,1.24696e-17)
(1,5.15594e-18)
(1,-1.43623e-18)
(1,-1.01931e-17)
(1,9.34393e-18)
(1,1.30634e-17)
(1,-1.56416e-17)
(1,-4.11903e-17)
(1,6.58918e-18)
(1,-1.29076e-17)
(1,2.21972e-17)
(1,-1.40963e-17)
(1,-6.34272e-17)
(1,2.20338e-17)
(1,-2.5739e-17)
(1,-7.79089e-17)
(1,5.53156e-17)
(1,2.76299e-17)
(1,-4.28702e-17)
(1,1.41477e-17)
(1,-1.20724e-17)
(1,9.19992e-18)
(1,-1.47606e-17)
(1,5.03311e-17)
(1,1.26761e-17)
(1,-6.64258e-18)
(1,-1.43717e-17)
(1,2.45834e-18)
(1,7.22758e-19)
(1,-2.49477e-18)
(1,-1.36181e-17)
(1,1.00927e-17)
(1,1.01226e-17)
(1,1.68744e-17)
(1,-2.251e-17)
(1,4.75854e-17)
(1,3.7081e-18)
(1,-3.91375e-17)
(1,-3.58095e-17)
(1,-4.26802e-17)
(1,-5.65637e-17)
(1,-8.66997e-18)
(1,1.08534e-17)
(1,-3.33949e-17)
(1,-6.27243e-17)
(1,-8.09553e-19)
(1,9.40053e-19)
(1,-5.26216e-18)
(1,-1.11335e-17)
(1,-3.52003e-17)
(1,9.41331e-18)
(1,-4.59925e-19)
(1,-2.21843e-17)
(1,-1.16315e-17)
(1,-4.83305e-18)
(1,3.67724e-18)
(1,1.19897e-19)
(1,2.52469e-18)
(1,-6.985e-18)
(1,-1.12244e-17)
(1,-6.39845e-18)
(1,-2.82795e-17)
(1,-1.82412e-18)
(1,-2.76057e-17)
(1,-1.96761e-17)
(1,-3.0105e-17)
(1,-4.15572e-17)
(1,-6.41449e-17)
(1,-2.39514e-17)
(1,-1.72187e-17)
(1,-2.21969e-17)
(1,4.93851e-17)
(1,-1.87284e-17)
(1,2.87342e-17)
(1,4.55003e-17)
(1,4.88853e-19)
(1,-3.02921e-17)
(1,7.52492e-17)
(1,-1.56203e-17)
(1,-2.77675e-17)
(1,4.13835e-17)
(1,-1.74849e-17)
(1,3.59091e-17)
(1,1.85301e-17)
(1,-5.54545e-18)
(1,4.2868e-19)
(1,2.66868e-18)
(1,-3.02151e-19)
(1,-6.66178e-18)
(1,1.78415e-18)
(1,-1.25377e-17)
(1,4.14741e-19)
(1,2.11144e-17)
(1,4.64572e-17)
(1,3.86385e-17)
(1,1.45568e-17)
(1,5.70455e-17)
(1,-2.23427e-17)
(1,-2.02704e-17)
(1,3.54199e-17)
(1,-1.02905e-16)
(1,3.50062e-17)
(1,7.21039e-17)
(1,1.86242e-18)
(1,-4.08224e-17)
(1,6.3858e-17)
(1,4.3974e-18)
(1,6.53476e-17)
(1,9.37595e-18)
(1,-2.74557e-17)
(1,-7.86813e-18)
(1,-2.20978e-17)
(1,9.74241e-18)
(1,-2.20837e-17)
(1,-5.45669e-18)
(1,5.59707e-18)
(1,-2.83909e-18)
(1,-1.40751e-18)
(1,3.04404e-18)
(1,6.55572e-18)
(1,2.17352e-18)
(1,5.49875e-18)
(1,-7.38825e-18)
(1,-4.96765e-18)
(1,-3.14559e-18)
(1,-4.31261e-17)
(1,-4.04365e-17)
(1,-2.78854e-17)
(1,-1.32048e-18)
(1,-9.89333e-17)
(1,-3.4169e-18)
(1,-6.44346e-18)
(1,-2.17392e-17)
(1,-3.82649e-17)
(1,-3.26962e-17)
(1,-2.88683e-17)
(1,-5.6087e-17)
(1,7.27131e-17)
(1,1.98363e-17)
(1,1.08221e-17)
(1,5.55202e-17)
(1,1.02543e-17)
(1,-6.00825e-18)
(1,-2.93839e-17)
(1,1.20619e-17)
(1,-1.14198e-17)
(1,6.78889e-18)
(1,-5.38548e-18)
(1,-1.74998e-18)
(1,-1.41758e-19)
(1,8.36522e-18)
(1,-9.19573e-18)
(1,1.62165e-17)
(1,-2.69028e-17)
(1,-1.8035e-17)
(1,2.70106e-17)
(1,4.28292e-18)
(1,2.50019e-17)
(1,-1.08267e-17)
(1,-5.21871e-19)
(1,6.87208e-17)
(1,5.55728e-17)
(1,2.70548e-17)
(1,5.86024e-17)
(1,-3.92222e-18)
(1,-2.012e-17)
(1,2.86342e-17)
(1,-2.016e-17)
(1,-9.18168e-17)
(1,2.64186e-17)
(1,3.20246e-17)
(1,-1.89095e-17)
(1,-2.26225e-18)
(1,-9.82068e-18)
(1,-2.22144e-17)
(1,-2.27655e-18)
(1,8.02796e-18)
(1,4.22771e-18)
(1,1.37225e-18)
(1,-5.00245e-18)
(1,1.8536e-17)
(1,2.66121e-19)
(1,-4.08285e-17)
(1,-7.51486e-18)
(1,-3.19294e-17)
(1,3.13101e-18)
(1,2.24905e-17)
(1,4.13132e-17)
(1,2.68632e-17)
(1,4.83422e-17)
(1,-7.02241e-17)
(1,-7.66376e-17)
(1,-8.30607e-17)
(1,-2.71497e-17)
(1,8.39873e-18)
(1,-1.13248e-17)
(1,-2.35714e-17)
(1,-4.55541e-17)
(1,-5.17849e-18)
(1,-5.29579e-17)
(1,3.56997e-17)
(1,2.67735e-18)
(1,-1.41495e-17)
(1,-1.16921e-17)
(1,3.44255e-18)
(1,-2.25687e-18)
(1,-1.98044e-18)
(1,-3.94327e-18)
(1,-2.54242e-17)
(1,1.10414e-19)
(1,-3.16552e-17)
(1,-2.14888e-18)
(1,-1.59247e-17)
(1,2.12842e-17)
(1,-6.29787e-17)
(1,2.9134e-17)
(1,-3.18425e-17)
(1,1.66462e-17)
(1,-1.60753e-17)
(1,1.58732e-17)
(1,8.08187e-18)
(1,4.71982e-17)
(1,6.06134e-17)
(1,3.07034e-17)
(1,7.81045e-18)
(1,-2.98683e-17)
(1,-1.85782e-17)
(1,9.52343e-18)
(1,4.83508e-18)
(1,3.51539e-18)
(1,-1.1603e-17)
(1,2.89641e-18)
(1,1.25591e-17)
(1,-5.94808e-18)
(1,1.04363e-17)
(1,-9.13852e-18)
(1,-1.48394e-17)
(1,1.06383e-17)
(1,-2.55824e-18)
(1,-1.80205e-17)
(1,1.54945e-17)
(1,-5.79494e-17)
(1,-3.46878e-17)
(1,-3.84808e-17)
(1,5.12408e-17)
(1,2.74955e-17)
(1,-2.00494e-17)
(1,-6.26592e-17)
(1,4.20638e-17)
(1,-5.03562e-17)
(1,-1.66067e-17)
(1,2.69182e-17)
(1,-2.17023e-17)
(1,-3.31954e-18)
(1,-1.97733e-17)
(1,1.53337e-17)
(1,-1.6306e-18)
(1,-1.68841e-18)
(1,3.57047e-18)
(1,-9.80448e-19)
(1,-3.28365e-18)
(1,2.85955e-17)
(1,1.00487e-17)
(1,-4.45021e-18)
(1,2.7266e-17)
(1,2.64025e-17)
(1,-4.13853e-17)
(1,-9.98357e-18)
(1,5.65743e-17)
(1,4.99921e-17)
(1,2.08527e-17)
(1,-1.58635e-17)
(1,4.36611e-17)
(1,-2.41126e-17)
(1,5.74517e-17)
(1,7.2607e-18)
(1,5.82902e-18)
(1,5.10801e-17)
(1,-1.53908e-17)
(1,-8.03616e-18)
(1,3.14806e-17)
(1,2.09252e-17)
(1,1.34929e-17)
(1,1.23758e-18)
(1,-6.09699e-18)
(1,3.39161e-18)
(1,-3.69794e-18)
(1,-2.66277e-17)
(1,-2.37237e-17)
(1,5.38986e-17)
(1,-3.24291e-17)
(1,-2.81245e-17)
(1,3.07306e-17)
(1,5.04228e-17)
(1,-2.04497e-17)
(1,-7.75424e-17)
(1,-5.78009e-17)
(1,2.78183e-17)
(1,-8.9506e-18)
(1,5.94797e-17)
(1,-2.56634e-17)
(1,-4.6248e-17)
(1,-2.95408e-17)
(1,2.97715e-17)
(1,-5.92513e-17)
(1,-1.2205e-17)
(1,2.81202e-17)
(1,3.4311e-17)
(1,1.84169e-19)
(1,-1.25254e-17)
(1,-9.00519e-19)
(1,-6.63256e-18)
(1,9.01033e-19)
(1,3.45486e-18)
(1,8.11065e-18)
(1,-9.29675e-18)
(1,5.027e-18)
(1,-2.61755e-17)
(1,1.9016e-17)
(1,-1.13221e-17)
(1,-1.25678e-17)
(1,-4.28675e-17)
(1,2.80886e-17)
(1,-5.73082e-17)
(1,1.00227e-17)
(1,-1.9163e-17)
(1,6.66564e-17)
(1,-9.94005e-18)
(1,-2.79735e-17)
(1,-3.31836e-17)
(1,-2.27049e-18)
(1,4.65848e-18)
(1,-4.77971e-17)
(1,-6.81021e-17)
(1,-1.26799e-17)
(1,-1.18997e-17)
(1,-1.00049e-18)
(1,1.75557e-17)
(1,-2.64689e-17)
(1,1.08848e-17)
(1,2.12871e-18)
(1,2.04874e-18)
(1,9.60531e-18)
(1,-8.37913e-18)
(1,1.80342e-17)
(1,-1.43316e-17)
(1,1.15282e-18)
(1,5.03321e-17)
(1,1.29264e-17)
(1,-7.19961e-17)
(1,2.18104e-17)
(1,-3.29887e-17)
(1,-2.27464e-17)
(1,3.43274e-17)
(1,-4.68772e-17)
(1,6.19599e-17)
(1,6.39573e-17)
(1,-2.77618e-17)
(1,-1.55797e-17)
(1,-5.05523e-18)
(1,5.7762e-17)
(1,-3.11042e-17)
(1,-4.23696e-17)
(1,-4.33037e-17)
(1,-1.69716e-17)
(1,-9.37133e-18)
(1,7.63575e-17)
(1,-3.7105e-18)
(1,2.35061e-17)
(1,7.76171e-19)
(1,-3.93279e-18)
(1,1.01036e-18)
(1,1.94735e-19)
(1,1.06637e-17)
(1,1.23156e-18)
(1,1.64342e-17)
(1,-1.81168e-17)
(1,6.41919e-19)
(1,4.1242e-17)
(1,-9.93125e-18)
(1,1.59225e-17)
(1,1.82026e-17)
(1,-2.86455e-17)
(1,1.05503e-16)
(1,8.84785e-17)
(1,-1.37576e-17)
(1,-2.66365e-18)
(1,1.22362e-17)
(1,-3.01918e-17)
(1,2.97865e-17)
(1,-1.94981e-18)
(1,3.39104e-17)
(1,-4.4402e-17)
(1,-2.2899e-17)
(1,-5.3771e-17)
(1,2.62143e-17)
(1,-3.15244e-17)
(1,-2.09743e-17)
(1,-3.79617e-19)
(1,-1.46638e-17)
(1,-2.58199e-17)
(1,1.01386e-18)
(1,5.1799e-19)
(1,7.08573e-19)
(1,7.41296e-18)
(1,3.67759e-18)
(1,-1.02117e-18)
(1,4.02228e-17)
(1,-5.30123e-18)
(1,2.50768e-17)
(1,-1.59778e-17)
(1,-3.26944e-17)
(1,-8.27865e-18)
(1,-3.51787e-17)
(1,1.96736e-17)
(1,-1.25864e-17)
(1,-5.51918e-17)
(1,2.03334e-17)
(1,-1.8499e-17)
(1,6.78321e-18)
(1,-4.77231e-17)
(1,5.50045e-18)
(1,2.47658e-17)
(1,1.61545e-17)
(1,5.07199e-17)
(1,2.37958e-17)
(1,3.6737e-17)
(1,1.81647e-17)
(1,4.50871e-18)
(1,-1.67064e-17)
(1,-2.32019e-18)
(1,1.32792e-17)
(1,4.76182e-19)
(1,7.75177e-19)
(1,2.02986e-18)
(1,9.91143e-18)
(1,1.56677e-17)
(1,3.87682e-17)
(1,-2.19856e-17)
(1,1.67308e-17)
(1,-1.28838e-17)
(1,-5.23187e-17)
(1,2.88111e-18)
(1,-5.01112e-17)
(1,-3.52017e-17)
(1,-8.92819e-19)
(1,5.45652e-17)
(1,-6.25754e-17)
(1,-6.73293e-17)
(1,-6.42044e-17)
(1,4.17016e-18)
(1,-2.51443e-17)
(1,1.19402e-17)
(1,-5.39077e-17)
(1,-1.23776e-17)
(1,1.15355e-17)
(1,1.11024e-17)
(1,-1.16329e-17)
(1,2.54477e-17)
(1,-9.45083e-18)
(1,2.44766e-17)
(1,4.07004e-18)
(1,-5.25271e-18)
(1,-2.55513e-19)
(1,8.93457e-18)
(1,-3.75933e-18)
(1,5.28834e-18)
(1,2.5138e-17)
(1,4.7433e-17)
(1,-1.15118e-17)
(1,2.67921e-19)
(1,1.64219e-17)
(1,-3.84398e-17)
(1,-6.55112e-17)
(1,3.74195e-17)
(1,4.72979e-17)
(1,6.9171e-17)
(1,2.61891e-17)
(1,3.97814e-18)
(1,7.06751e-18)
(1,2.20918e-17)
(1,-3.95555e-17)
(1,3.08702e-17)
(1,2.12192e-17)
(1,-5.99899e-18)
(1,-1.46851e-17)
(1,1.72587e-17)
(1,1.95715e-17)
(1,1.62922e-17)
(1,-4.3287e-18)
(1,1.0013e-19)
(1,-4.0185e-18)
(1,3.18104e-19)
(1,9.63986e-18)
(1,-3.7043e-18)
(1,1.45854e-17)
(1,8.62865e-18)
(1,1.86329e-18)
(1,8.99531e-19)
(1,6.16734e-18)
(1,5.67437e-17)
(1,-1.00749e-16)
(1,2.92233e-17)
(1,-1.41929e-19)
(1,-1.51127e-17)
(1,-2.42659e-17)
(1,-9.63706e-17)
(1,2.85684e-17)
(1,4.68592e-17)
(1,-3.15451e-17)
(1,3.06267e-18)
(1,2.75998e-17)
(1,4.76588e-17)
(1,-2.2347e-17)
(1,1.12021e-18)
(1,1.56833e-17)
(1,-1.52995e-17)
(1,5.19158e-18)
(1,-5.14192e-20)
(1,-4.40601e-19)
(1,-8.27191e-19)
(1,-6.48406e-18)
(1,1.32556e-17)
(1,-9.27316e-18)
(1,-1.15014e-17)
(1,3.12829e-17)
(1,-1.42479e-17)
(1,-5.3366e-17)
(1,4.28439e-18)
(1,2.8614e-17)
(1,2.172e-17)
(1,5.38143e-17)
(1,1.45388e-18)
(1,5.12521e-18)
(1,-3.02266e-17)
(1,-3.06225e-17)
(1,1.42681e-17)
(1,-5.63875e-17)
(1,1.00636e-17)
(1,-5.46017e-17)
(1,6.90682e-18)
(1,2.0688e-17)
(1,-3.50668e-17)
(1,-4.60652e-17)
(1,-2.01524e-17)
(1,-1.70388e-17)
(1,4.33726e-18)
(1,-6.51028e-18)
(1,-2.56704e-18)
(1,2.41245e-18)
(1,6.11775e-18)
(1,8.42693e-18)
(1,-1.92801e-17)
(1,3.09613e-17)
(1,1.27759e-18)
(1,1.15995e-17)
(1,4.08692e-17)
(1,-3.59246e-18)
(1,-3.66882e-17)
(1,-6.87241e-17)
(1,-4.05733e-17)
(1,-9.35564e-17)
(1,1.45629e-17)
(1,4.84729e-17)
(1,1.99488e-17)
(1,-3.44612e-17)
(1,-8.33208e-17)
(1,1.36327e-17)
(1,-1.1782e-17)
(1,-7.03034e-18)
(1,1.25166e-17)
(1,-3.68973e-17)
(1,-2.84276e-17)
(1,-3.51668e-18)
(1,-5.80827e-18)
(1,-4.93867e-18)
(1,1.22621e-17)
(1,3.38158e-19)
(1,4.41828e-18)
(1,4.3513e-19)
(1,-1.09264e-18)
(1,3.12652e-18)
(1,-9.23648e-18)
(1,1.89945e-17)
(1,6.66617e-18)
(1,2.48557e-18)
(1,7.37137e-18)
(1,7.71456e-17)
(1,6.0527e-18)
(1,6.07131e-17)
(1,-3.554e-17)
(1,-2.21288e-17)
(1,2.51713e-18)
(1,-2.08748e-17)
(1,-2.24356e-17)
(1,5.39674e-17)
(1,-6.81343e-17)
(1,-1.06022e-16)
(1,1.22294e-17)
(1,-1.64665e-17)
(1,5.12025e-18)
(1,2.8054e-17)
(1,-8.33078e-18)
(1,5.97591e-18)
(1,-1.02353e-17)
(1,1.9906e-17)
(1,1.10794e-17)
(1,5.49631e-18)
(1,6.11009e-19)
(1,-1.00065e-17)
(1,-3.26138e-18)
(1,8.97169e-18)
(1,-1.57792e-17)
(1,-2.69042e-17)
(1,6.37093e-17)
(1,-2.06002e-17)
(1,7.60916e-18)
(1,4.329e-17)
(1,-1.69515e-17)
(1,1.75623e-17)
(1,2.28657e-17)
(1,-3.75496e-17)
(1,1.50097e-17)
(1,4.64085e-17)
(1,8.93458e-17)
(1,2.06562e-17)
(1,-3.93733e-17)
(1,-1.9038e-17)
(1,-3.53192e-17)
(1,1.47503e-20)
(1,3.0802e-17)
(1,1.41166e-18)
(1,2.01998e-17)
(1,4.98352e-17)
(1,-7.36829e-18)
(1,-6.10253e-18)
(1,1.05247e-17)
(1,6.71174e-18)
(1,-3.74869e-18)
(1,-3.18369e-18)
(1,7.01654e-19)
(1,-2.36368e-17)
(1,9.78395e-18)
(1,-2.95078e-17)
(1,1.22988e-17)
(1,3.64906e-17)
(1,-5.23625e-17)
(1,-4.02609e-18)
(1,-1.32459e-17)
(1,-2.39887e-17)
(1,2.22556e-17)
(1,3.09819e-17)
(1,4.82079e-17)
(1,-2.32412e-17)
(1,-7.16383e-17)
(1,3.96334e-17)
(1,7.15812e-17)
(1,-2.24574e-17)
(1,-5.45352e-17)
(1,-1.23938e-17)
(1,1.09712e-17)
(1,7.18548e-17)
(1,1.87971e-17)
(1,1.21307e-17)
(1,-1.8485e-17)
(1,1.91185e-17)
(1,-1.95033e-17)
(1,1.18609e-17)
(1,-2.44673e-19)
(1,1.78962e-18)
(1,-3.70054e-19)
(1,-8.03358e-19)
(1,-3.96114e-18)
(1,-1.05625e-17)
(1,2.26678e-17)
(1,-4.00911e-17)
(1,-1.59956e-17)
(1,1.46894e-18)
(1,-1.61771e-17)
(1,-1.92601e-17)
(1,1.14911e-17)
(1,-9.4113e-18)
(1,-3.58078e-17)
(1,-3.20906e-17)
(1,9.68324e-19)
(1,-8.29436e-17)
(1,-4.57699e-17)
(1,-6.72016e-17)
(1,-4.83735e-18)
(1,-7.21918e-17)
(1,6.15078e-17)
(1,2.39521e-17)
(1,-4.6905e-18)
(1,-1.18645e-17)
(1,-2.79434e-17)
(1,-8.33803e-18)
(1,-2.71142e-17)
(1,-1.01377e-17)
(1,-1.42559e-17)
(1,-1.08778e-18)
(1,2.81657e-18)
(1,1.19776e-19)
(1,1.83126e-18)
(1,-4.57022e-18)
(1,1.07293e-17)
(1,4.29636e-18)
(1,5.26698e-18)
(1,3.73499e-17)
(1,-4.80473e-17)
(1,5.02172e-17)
(1,1.59624e-17)
(1,6.92181e-17)
(1,-6.71489e-18)
(1,3.88474e-17)
(1,-8.91822e-18)
(1,5.63644e-17)
(1,7.41233e-18)
(1,-2.25227e-17)
(1,1.06908e-16)
(1,6.94523e-17)
(1,3.05301e-17)
(1,2.61146e-17)
(1,1.89179e-17)
(1,4.10946e-18)
(1,-1.63275e-18)
(1,1.43213e-17)
(1,9.04266e-18)
(1,-4.36261e-18)
(1,-3.69869e-19)
(1,5.38492e-18)
(1,-5.57332e-18)
(1,2.36811e-18)
(1,-9.95264e-20)
(1,3.08255e-18)
(1,-1.48311e-17)
(1,-1.31454e-18)
(1,2.52754e-17)
(1,-1.10406e-17)
(1,1.07829e-17)
(1,-1.54271e-17)
(1,2.52954e-17)
(1,-3.87057e-17)
(1,9.78016e-18)
(1,6.37097e-18)
(1,-2.48116e-17)
(1,-9.61697e-18)
(1,1.95374e-17)
(1,-8.39482e-17)
(1,-6.61612e-19)
(1,7.74163e-17)
(1,-1.74295e-17)
(1,-7.88819e-17)
(1,1.95427e-17)
(1,-4.13232e-17)
(1,2.66777e-17)
(1,1.75025e-17)
(1,-4.75487e-18)
(1,-1.85404e-17)
(1,-1.48495e-17)
(1,-1.80377e-17)
(1,3.05931e-18)
(1,8.68127e-18)
(1,1.74431e-18)
(1,-2.36245e-18)
(1,3.20283e-18)
(1,-1.83941e-17)
(1,1.68937e-17)
(1,1.4325e-17)
(1,-2.57959e-17)
(1,-2.83765e-17)
(1,4.06543e-17)
(1,-2.40351e-17)
(1,6.00708e-18)
(1,3.12408e-17)
(1,-4.9642e-18)
(1,-2.02913e-17)
(1,-3.55424e-17)
(1,4.79044e-17)
(1,3.6915e-17)
(1,-2.68844e-17)
(1,9.88553e-17)
(1,9.67013e-18)
(1,3.32667e-17)
(1,-3.09016e-17)
(1,-1.78137e-17)
(1,3.97747e-17)
(1,4.15273e-17)
(1,5.79525e-18)
(1,-3.39994e-17)
(1,2.58345e-17)
(1,1.55646e-17)
(1,5.37967e-18)
(1,5.68314e-18)
(1,-1.78879e-18)
(1,2.06716e-19)
(1,-6.29974e-18)
(1,-6.02929e-19)
(1,-2.00352e-17)
(1,1.99902e-17)
(1,9.67325e-18)
(1,1.44046e-18)
(1,-1.02423e-16)
(1,3.91922e-17)
(1,-3.07825e-17)
(1,-2.76037e-17)
(1,1.879e-17)
(1,-5.19296e-17)
(1,1.03621e-17)
(1,-2.22096e-17)
(1,7.22637e-17)
(1,-3.92925e-17)
(1,-9.76229e-17)
(1,3.59006e-17)
(1,-8.36901e-17)
(1,1.5057e-17)
(1,4.25624e-17)
(1,-4.78038e-18)
(1,4.5927e-17)
(1,-2.12587e-17)
(1,-1.10731e-17)
(1,2.19705e-17)
(1,-1.48896e-17)
(1,-6.05934e-18)
(1,1.0968e-17)
(1,2.35934e-18)
(1,1.53065e-18)
(1,5.21652e-18)
(1,-7.03393e-18)
(1,-3.33577e-18)
(1,-1.3911e-17)
(1,-8.04057e-18)
(1,-2.45123e-17)
(1,-4.99933e-17)
(1,2.19516e-17)
(1,-3.08339e-17)
(1,-3.7892e-17)
(1,-1.96464e-18)
(1,-1.05059e-17)
(1,-3.62588e-17)
(1,2.91771e-17)
(1,-4.19411e-17)
(1,-8.34773e-17)
(1,-2.78762e-17)
(1,-1.53627e-17)
(1,2.25858e-17)
(1,2.17848e-17)
(1,1.64189e-17)
(1,-1.15037e-17)
(1,-3.09926e-17)
(1,-1.8907e-17)
(1,-2.94529e-18)
(1,-7.36219e-18)
(1,1.75738e-17)
(1,9.17756e-18)
(1,-1.15608e-17)
(1,1.8397e-18)
(1,2.78463e-18)
(1,-3.9162e-20)
(1,1.03323e-17)
(1,2.01216e-17)
(1,9.11148e-18)
(1,-1.98816e-17)
(1,-7.5696e-18)
(1,-2.87978e-17)
(1,-3.74406e-17)
(1,8.64878e-18)
(1,4.89028e-17)
(1,-7.27305e-18)
(1,3.31769e-17)
(1,1.37276e-17)
(1,-3.37075e-17)
(1,-1.53506e-17)
(1,-3.20813e-17)
(1,7.57731e-17)
(1,2.57033e-17)
(1,7.73959e-18)
(1,3.10635e-17)
(1,-7.72265e-17)
(1,3.83285e-17)
(1,5.13011e-17)
(1,1.46638e-17)
(1,7.83029e-18)
(1,-2.95736e-18)
(1,-5.85853e-18)
(1,3.18627e-18)
(1,-2.00588e-19)
(1,4.32437e-19)
(1,-3.03873e-18)
(1,-5.6333e-18)
(1,-1.6776e-17)
(1,-1.39201e-17)
(1,2.3026e-17)
(1,-2.22927e-17)
(1,1.69693e-17)
(1,-3.18123e-17)
(1,8.50269e-17)
(1,4.57578e-18)
(1,-4.28076e-17)
(1,7.24034e-17)
(1,4.2999e-17)
(1,-3.61366e-17)
(1,1.49623e-17)
(1,-1.32645e-17)
(1,-5.70482e-18)
(1,-3.24903e-17)
(1,2.51243e-17)
(1,3.65386e-17)
(1,1.65772e-17)
(1,8.57889e-17)
(1,-1.5459e-17)
(1,-1.28424e-17)
(1,-1.30071e-17)
(1,-2.56456e-17)
(1,2.87831e-17)
(1,-1.09957e-17)
(1,-9.27247e-18)
(1,7.46368e-18)
(1,-1.43708e-18)
(1,-9.02461e-19)
(1,6.35936e-20)
(1,-2.71818e-19)
(1,4.76559e-18)
(1,2.46911e-17)
(1,3.39221e-18)
(1,-5.98529e-18)
(1,2.58192e-17)
(1,-2.19849e-17)
(1,-4.61215e-17)
(1,2.57269e-18)
(1,1.76839e-17)
(1,-5.78135e-17)
(1,-6.03511e-20)
(1,-4.22448e-17)
(1,-6.95278e-17)
(1,6.98383e-17)
(1,-4.01348e-17)
(1,-7.65457e-18)
(1,-9.6221e-18)
(1,-1.51029e-17)
(1,2.3351e-17)
(1,-1.32438e-17)
(1,4.58963e-17)
(1,1.03724e-17)
(1,1.59184e-17)
(1,-4.11883e-18)
(1,-4.27164e-18)
(1,-1.37178e-18)
(1,1.4551e-18)
(1,-5.67065e-18)
(1,-1.33478e-18)
(1,1.19073e-18)
(1,3.56768e-18)
(1,-3.39378e-18)
(1,-1.62224e-17)
(1,1.53075e-17)
(1,-8.97453e-18)
(1,-3.36407e-17)
(1,1.21319e-17)
(1,6.06345e-17)
(1,-3.2505e-18)
(1,-8.00449e-17)
(1,-2.50475e-17)
(1,2.1318e-17)
(1,-4.34291e-18)
(1,-1.59959e-17)
(1,3.72776e-17)
(1,-1.66655e-17)
(1,-1.25e-17)
(1,5.36287e-17)
(1,9.81011e-17)
(1,8.60899e-18)
(1,-2.4106e-19)
(1,1.62435e-17)
(1,2.01027e-17)
(1,-2.95778e-17)
(1,-1.00383e-17)
(1,-3.25795e-17)
(1,3.72526e-18)
(1,-3.63282e-18)
(1,-3.46484e-18)
(1,1.0384e-17)
(1,-1.68573e-19)
(1,-4.69682e-18)
(1,1.10149e-17)
(1,7.99223e-18)
(1,-2.9727e-17)
(1,4.65829e-17)
(1,-1.36739e-17)
(1,4.91132e-17)
(1,-1.05674e-17)
(1,-2.2844e-17)
(1,2.74943e-17)
(1,3.7869e-17)
(1,1.82721e-17)
(1,4.61231e-17)
(1,-2.96179e-17)
(1,9.98195e-18)
(1,1.85902e-17)
(1,-2.14264e-18)
(1,-2.59606e-17)
(1,-4.58356e-18)
(1,1.9724e-17)
(1,-1.14077e-18)
(1,-7.4517e-17)
(1,5.65717e-17)
(1,-3.23752e-19)
(1,-2.96019e-17)
(1,2.91985e-17)
(1,-1.09408e-17)
(1,-9.13019e-18)
(1,-1.20287e-18)
(1,6.83202e-18)
(1,1.45571e-19)
(1,1.47455e-18)
(1,8.36378e-18)
(1,6.3818e-18)
(1,-1.50751e-17)
(1,-9.89348e-18)
(1,-3.97642e-18)
(1,-1.16237e-17)
(1,5.19155e-17)
(1,-2.41538e-18)
(1,-6.13985e-18)
(1,6.89784e-18)
(1,-3.1625e-17)
(1,2.28214e-17)
(1,-1.02836e-17)
(1,3.29051e-17)
(1,-1.71869e-17)
(1,1.48385e-17)
(1,-1.65969e-17)
(1,2.71766e-17)
(1,-4.54841e-17)
(1,5.31169e-17)
(1,2.27393e-17)
(1,4.23849e-18)
(1,1.86404e-17)
(1,2.64043e-17)
(1,6.9759e-18)
(1,-1.62385e-17)
(1,4.3174e-17)
(1,-8.65586e-18)
(1,1.20672e-17)
(1,3.22963e-18)
(1,-3.60656e-18)
(1,-8.2409e-18)
(1,2.41056e-17)
(1,1.33236e-17)
(1,-1.9123e-17)
(1,3.52092e-17)
(1,-1.32349e-17)
(1,-2.85643e-17)
(1,5.38491e-17)
(1,-4.39451e-18)
(1,-3.71567e-17)
(1,3.34885e-17)
(1,-4.59648e-19)
(1,8.51511e-17)
(1,6.0936e-17)
(1,3.81309e-17)
(1,5.50036e-17)
(1,4.80873e-17)
(1,-3.45367e-18)
(1,3.18183e-17)
(1,-6.22533e-17)
(1,6.97791e-18)
(1,8.89046e-17)
(1,-2.84195e-17)
(1,2.83025e-17)
(1,2.00146e-17)
(1,2.19823e-17)
(1,2.43537e-17)
(1,1.5922e-17)
(1,-4.73297e-18)
(1,-7.21249e-19)
(1,-5.08048e-19)
(1,1.74513e-18)
(1,1.56277e-17)
(1,-1.01499e-17)
(1,-3.94894e-17)
(1,4.968e-17)
(1,-1.58857e-17)
(1,-2.32963e-17)
(1,8.05731e-17)
(1,3.33804e-17)
(1,-6.26744e-17)
(1,-5.63535e-17)
(1,-5.17506e-17)
(1,-1.86049e-17)
(1,-1.42565e-17)
(1,-2.26906e-17)
(1,1.06918e-17)
(1,1.40627e-17)
(1,-1.57119e-17)
(1,-5.01306e-17)
(1,3.36481e-17)
(1,6.40495e-17)
(1,2.32698e-17)
(1,-1.67649e-18)
(1,-7.77816e-18)
(1,-1.02075e-17)
(1,-1.48785e-17)
(1,9.36825e-18)
(1,5.77189e-18)
(1,-1.18263e-17)
(1,-3.80496e-18)
(1,-2.79197e-18)
(1,-2.30005e-18)
(1,-5.37168e-18)
(1,6.91568e-18)
(1,-5.45853e-18)
(1,2.47684e-17)
(1,5.93856e-18)
(1,9.72186e-18)
(1,3.72111e-17)
(1,-9.94763e-18)
(1,2.55951e-17)
(1,4.25013e-17)
(1,-1.51841e-17)
(1,6.65913e-17)
(1,-7.26129e-17)
(1,-1.92594e-18)
(1,-6.91501e-17)
(1,-1.48533e-17)
(1,-1.6549e-18)
(1,-5.44761e-18)
(1,-1.69518e-17)
(1,1.70289e-17)
(1,-5.17676e-18)
(1,2.8025e-18)
(1,2.10066e-17)
(1,3.55159e-17)
(1,-4.56876e-18)
(1,-2.42823e-17)
(1,2.79812e-17)
(1,4.76922e-18)
(1,-3.26734e-18)
(1,-7.47401e-19)
(1,-2.8414e-19)
(1,5.51203e-18)
(1,2.38244e-18)
(1,-1.27011e-17)
(1,6.64218e-18)
(1,8.26839e-18)
(1,4.28476e-18)
(1,4.27206e-17)
(1,-3.45751e-17)
(1,-4.91359e-17)
(1,-7.07655e-17)
(1,5.8659e-18)
(1,-6.82538e-17)
(1,-2.18095e-17)
(1,-1.52234e-18)
(1,-1.02327e-17)
(1,-2.05476e-17)
(1,-1.76135e-17)
(1,-3.61738e-17)
(1,2.88043e-17)
(1,5.187e-17)
(1,4.01173e-17)
(1,5.26641e-17)
(1,-3.38552e-17)
(1,-4.63377e-18)
(1,-3.28946e-17)
(1,-1.07989e-17)
(1,-1.63505e-17)
(1,5.62746e-18)
(1,1.00404e-18)
(1,3.56949e-18)
(1,1.18575e-18)
(1,1.63253e-18)
(1,-2.32051e-18)
(1,-5.79611e-18)
(1,1.95867e-17)
(1,2.51117e-17)
(1,-2.99962e-17)
(1,4.85901e-17)
(1,5.6811e-17)
(1,1.80833e-17)
(1,-3.02428e-17)
(1,-3.64157e-17)
(1,3.48507e-17)
(1,-1.32043e-17)
(1,-1.93414e-17)
(1,3.46035e-17)
(1,6.36206e-17)
(1,3.49575e-17)
(1,-2.09088e-17)
(1,3.69194e-17)
(1,4.72513e-17)
(1,3.94264e-17)
(1,2.19775e-17)
(1,-1.80683e-17)
(1,-4.43877e-18)
(1,-2.60266e-17)
(1,-3.55325e-17)
(1,-9.00681e-19)
(1,1.11664e-17)
(1,1.4819e-17)
(1,-4.44557e-18)
(1,3.07403e-19)
(1,1.04516e-18)
(1,-1.58476e-18)
(1,1.17139e-17)
(1,2.31978e-18)
(1,2.129e-17)
(1,-1.19476e-17)
(1,3.51121e-18)
(1,1.06509e-17)
(1,3.3689e-17)
(1,-2.30066e-17)
(1,5.99655e-17)
