(n, l, m)
(3, 2, -2): 8.51367460e-04	1.13685391e-03	2.91560461e-02


(2, 1, -1): 1.71590372e-04	-1.27748991e-02	-2.89695113e-03
(3, 1, -1): 6.59732235e-05	6.53288313e-03	4.82645434e-03

(3, 2, -1): 1.70273492e-03	-2.80191922e-02	3.02929000e-02


(1, 0, 0): 9.75621186e-01	-4.86761070e-01	8.59467770e-01
(2, 0, 0): 2.07105708e-04	2.38956536e-03	-1.41913948e-02
(3, 0, 0): 1.84623158e-03	-3.81841458e-02	-1.97028574e-02

(2, 1, 0): 1.71590372e-04	-6.98476398e-03	-1.10816716e-02
(3, 1, 0): 6.59732235e-05	1.20662737e-03	8.03226455e-03

(3, 2, 0): 2.88673224e-25	7.53479022e-14	-5.31973606e-13


(2, 1, 1): 1.71590372e-04	-2.89695113e-03	1.27748991e-02
(3, 1, 1): 6.59732235e-05	4.82645434e-03	-6.53288313e-03

(3, 2, 1): 1.70273492e-03	3.02929000e-02	2.80191922e-02


(3, 2, 2): 8.51367460e-04	-1.13685391e-03	-2.91560461e-02


