0	0	0	0
0.1	0	0	-9.60995e-10
0.2	0	0	-8.29535e-09
0.3	0	0	-3.12227e-08
0.4	0	0	-8.16571e-08
0.5	0	0	-1.74124e-07
0.6	0	0	-3.25794e-07
0.7	0	0	-5.55083e-07
0.8	0	0	-8.80711e-07
0.9	0	0	-1.32196e-06
1	0	0	-1.90005e-06
1.1	0	0	-2.63787e-06
1.2	0	0	-3.55891e-06
1.3	0	0	-4.68633e-06
1.4	0	0	-6.04363e-06
1.5	0	0	-7.65482e-06
1.6	0	0	-9.54357e-06
1.7	0	0	-1.17324e-05
1.8	0	0	-1.42434e-05
1.9	0	0	-1.70996e-05
2	0	0	-2.0325e-05
2.1	0	0	-2.39436e-05
2.2	0	0	-2.79786e-05
2.3	0	0	-3.24529e-05
2.4	0	0	-3.73893e-05
2.5	0	0	-4.28094e-05
2.6	0	0	-4.87326e-05
2.7	0	0	-5.51771e-05
2.8	0	0	-6.21612e-05
2.9	0	0	-6.97038e-05
3	0	0	-7.78234e-05
3.1	0	0	-8.65377e-05
3.2	0	0	-9.58644e-05
3.3	0	0	-0.000105821
3.4	0	0	-0.000116424
3.5	0	0	-0.000127686
3.6	0	0	-0.000139621
3.7	0	0	-0.000152238
3.8	0	0	-0.00016555
3.9	0	0	-0.000179566
4	0	0	-0.000194296
4.1	0	0	-0.000209749
4.2	0	0	-0.000225935
4.3	0	0	-0.000242863
4.4	0	0	-0.000260538
4.5	0	0	-0.000278964
4.6	0	0	-0.000298145
4.7	0	0	-0.000318083
4.8	0	0	-0.000338781
4.9	0	0	-0.000360238
5	0	0	-0.000382455
5.1	0	0	-0.000405432
5.2	0	0	-0.00042917
5.3	0	0	-0.000453665
5.4	0	0	-0.000478914
5.5	0	0	-0.00050491
5.6	0	0	-0.000531648
5.7	0	0	-0.000559121
5.8	0	0	-0.000587319
5.9	0	0	-0.000616235
6	0	0	-0.00064586
6.1	0	0	-0.000676185
6.2	0	0	-0.000707201
6.3	0	0	-0.000738893
6.4	0	0	-0.000771249
6.5	0	0	-0.000804255
6.6	0	0	-0.000837894
6.7	0	0	-0.000872149
6.8	0	0	-0.000907004
6.9	0	0	-0.000942442
7	0	0	-0.000978446
7.1	0	0	-0.001015
7.2	0	0	-0.00105208
7.3	0	0	-0.00108967
7.4	0	0	-0.00112775
7.5	0	0	-0.00116629
7.6	0	0	-0.00120527
7.7	0	0	-0.00124467
7.8	0	0	-0.00128446
7.9	0	0	-0.00132461
8	0	0	-0.00136511
8.1	0	0	-0.00140593
8.2	0	0	-0.00144705
8.3	0	0	-0.00148843
8.4	0	0	-0.00153004
8.5	0	0	-0.00157187
8.6	0	0	-0.00161387
8.7	0	0	-0.00165602
8.8	0	0	-0.0016983
8.9	0	0	-0.00174066
9	0	0	-0.00178309
9.1	0	0	-0.00182555
9.2	0	0	-0.00186801
9.3	0	0	-0.00191044
9.4	0	0	-0.00195281
9.5	0	0	-0.00199508
9.6	0	0	-0.00203722
9.7	0	0	-0.0020792
9.8	0	0	-0.00212098
9.9	0	0	-0.00216254
10	0	0	-0.00220385
10.1	0	0	-0.00224486
10.2	0	0	-0.00228555
10.3	0	0	-0.00232589
10.4	0	0	-0.00236583
10.5	0	0	-0.00240534
10.6	0	0	-0.0024444
10.7	0	0	-0.00248296
10.8	0	0	-0.002521
10.9	0	0	-0.00255848
11	0	0	-0.00259537
11.1	0	0	-0.00263164
11.2	0	0	-0.00266725
11.3	0	0	-0.00270217
11.4	0	0	-0.00273637
11.5	0	0	-0.00276982
11.6	0	0	-0.00280247
11.7	0	0	-0.00283431
11.8	0	0	-0.00286529
11.9	0	0	-0.00289539
12	0	0	-0.00292458
12.1	0	0	-0.00295283
12.2	0	0	-0.00298011
12.3	0	0	-0.00300638
12.4	0	0	-0.00303162
12.5	0	0	-0.00305579
12.6	0	0	-0.00307888
12.7	0	0	-0.00310084
12.8	0	0	-0.00312165
12.9	0	0	-0.00314129
13	0	0	-0.00315973
13.1	0	0	-0.00317695
13.2	0	0	-0.00319291
13.3	0	0	-0.0032076
13.4	0	0	-0.00322098
13.5	0	0	-0.00323303
13.6	0	0	-0.00324373
13.7	0	0	-0.00325306
13.8	0	0	-0.003261
13.9	0	0	-0.00326752
14	0	0	-0.0032726
14.1	0	0	-0.00327623
14.2	0	0	-0.00327838
14.3	0	0	-0.00327904
14.4	0	0	-0.00327819
14.5	0	0	-0.0032758
14.6	0	0	-0.00327186
14.7	0	0	-0.00326636
14.8	0	0	-0.00325928
14.9	0	0	-0.00325062
15	0	0	-0.00324034
15.1	0	0	-0.00322846
15.2	0	0	-0.00321494
15.3	0	0	-0.00319977
15.4	0	0	-0.00318296
15.5	0	0	-0.00316448
15.6	0	0	-0.00314432
15.7	0	0	-0.00312249
15.8	0	0	-0.00309897
15.9	0	0	-0.00307376
16	0	0	-0.00304686
16.1	0	0	-0.00301825
16.2	0	0	-0.00298793
16.3	0	0	-0.0029559
16.4	0	0	-0.00292215
16.5	0	0	-0.00288669
16.6	0	0	-0.0028495
16.7	0	0	-0.0028106
16.8	0	0	-0.00276999
16.9	0	0	-0.00272766
17	0	0	-0.00268362
17.1	0	0	-0.00263787
17.2	0	0	-0.0025904
17.3	0	0	-0.00254124
17.4	0	0	-0.00249038
17.5	0	0	-0.00243782
17.6	0	0	-0.00238357
17.7	0	0	-0.00232765
17.8	0	0	-0.00227007
17.9	0	0	-0.00221082
18	0	0	-0.00214992
18.1	0	0	-0.00208737
18.2	0	0	-0.0020232
18.3	0	0	-0.0019574
18.4	0	0	-0.00189
18.5	0	0	-0.001821
18.6	0	0	-0.00175041
18.7	0	0	-0.00167827
18.8	0	0	-0.00160457
18.9	0	0	-0.00152933
19	0	0	-0.00145257
19.1	0	0	-0.00137431
19.2	0	0	-0.00129456
19.3	0	0	-0.00121333
19.4	0	0	-0.00113065
19.5	0	0	-0.00104654
19.6	0	0	-0.000961007
19.7	0	0	-0.000874084
19.8	0	0	-0.000785788
19.9	0	0	-0.000696137
20	0	0	-0.000605153
20.1	0	0	-0.000512856
20.2	0	0	-0.000419267
20.3	0	0	-0.000324407
20.4	0	0	-0.000228301
20.5	0	0	-0.000130973
20.6	0	0	-3.24477e-05
20.7	0	0	6.72515e-05
20.8	0	0	0.0001681
20.9	0	0	0.000270074
21	0	0	0.000373149
21.1	0	0	0.000477303
21.2	0	0	0.000582509
21.3	0	0	0.000688743
21.4	0	0	0.000795975
21.5	0	0	0.00090418
21.6	0	0	0.00101333
21.7	0	0	0.0011234
21.8	0	0	0.00123436
21.9	0	0	0.00134619
22	0	0	0.00145885
22.1	0	0	0.00157233
22.2	0	0	0.0016866
22.3	0	0	0.00180162
22.4	0	0	0.00191737
22.5	0	0	0.00203382
22.6	0	0	0.00215094
22.7	0	0	0.0022687
22.8	0	0	0.00238708
22.9	0	0	0.00250604
23	0	0	0.00262557
23.1	0	0	0.00274563
23.2	0	0	0.00286619
23.3	0	0	0.00298722
23.4	0	0	0.0031087
23.5	0	0	0.0032306
23.6	0	0	0.00335288
23.7	0	0	0.00347551
23.8	0	0	0.00359848
23.9	0	0	0.00372175
24	0	0	0.0038453
24.1	0	0	0.00396909
24.2	0	0	0.0040931
24.3	0	0	0.0042173
24.4	0	0	0.00434166
24.5	0	0	0.00446615
24.6	0	0	0.00459074
24.7	0	0	0.0047154
24.8	0	0	0.00484011
24.9	0	0	0.00496484
25	0	0	0.00508956
25.1	0	0	0.00521425
25.2	0	0	0.00533888
25.3	0	0	0.00546341
25.4	0	0	0.00558782
25.5	0	0	0.00571209
25.6	0	0	0.00583618
25.7	0	0	0.00596007
25.8	0	0	0.00608373
25.9	0	0	0.00620713
26	0	0	0.00633026
26.1	0	0	0.00645308
26.2	0	0	0.00657557
26.3	0	0	0.0066977
26.4	0	0	0.00681943
26.5	0	0	0.00694076
26.6	0	0	0.00706164
26.7	0	0	0.00718206
26.8	0	0	0.00730199
26.9	0	0	0.00742141
27	0	0	0.00754029
27.1	0	0	0.0076586
27.2	0	0	0.00777632
27.3	0	0	0.00789343
27.4	0	0	0.0080099
27.5	0	0	0.0081257
27.6	0	0	0.00824081
27.7	0	0	0.00835521
27.8	0	0	0.00846887
27.9	0	0	0.00858177
28	0	0	0.0086939
28.1	0	0	0.00880521
28.2	0	0	0.00891569
28.3	0	0	0.00902532
28.4	0	0	0.00913407
28.5	0	0	0.00924191
28.6	0	0	0.00934884
28.7	0	0	0.00945481
28.8	0	0	0.00955982
28.9	0	0	0.00966384
29	0	0	0.00976685
29.1	0	0	0.00986883
29.2	0	0	0.00996974
29.3	0	0	0.0100696
29.4	0	0	0.0101683
29.5	0	0	0.0102659
29.6	0	0	0.0103624
29.7	0	0	0.0104577
29.8	0	0	0.0105518
29.9	0	0	0.0106447
30	0	0	0.0107364
30.1	0	0	0.0108268
30.2	0	0	0.010916
30.3	0	0	0.0110038
30.4	0	0	0.0110904
30.5	0	0	0.0111756
30.6	0	0	0.0112594
30.7	0	0	0.0113419
30.8	0	0	0.011423
30.9	0	0	0.0115027
31	0	0	0.0115809
31.1	0	0	0.0116577
31.2	0	0	0.011733
31.3	0	0	0.0118068
31.4	0	0	0.0118791
31.5	0	0	0.0119498
31.6	0	0	0.012019
31.7	0	0	0.0120866
31.8	0	0	0.0121526
31.9	0	0	0.012217
32	0	0	0.0122797
32.1	0	0	0.0123408
32.2	0	0	0.0124002
32.3	0	0	0.0124579
32.4	0	0	0.0125138
32.5	0	0	0.012568
32.6	0	0	0.0126205
32.7	0	0	0.0126711
32.8	0	0	0.01272
32.9	0	0	0.012767
33	0	0	0.0128122
33.1	0	0	0.0128555
33.2	0	0	0.0128969
33.3	0	0	0.0129364
33.4	0	0	0.012974
33.5	0	0	0.0130096
33.6	0	0	0.0130432
33.7	0	0	0.0130749
33.8	0	0	0.0131045
33.9	0	0	0.013132
34	0	0	0.0131575
34.1	0	0	0.0131809
34.2	0	0	0.0132022
34.3	0	0	0.0132214
34.4	0	0	0.0132383
34.5	0	0	0.0132532
34.6	0	0	0.0132658
34.7	0	0	0.0132761
34.8	0	0	0.0132843
34.9	0	0	0.0132901
35	0	0	0.0132937
35.1	0	0	0.0132949
35.2	0	0	0.0132938
35.3	0	0	0.0132903
35.4	0	0	0.0132844
35.5	0	0	0.0132761
35.6	0	0	0.0132653
35.7	0	0	0.0132521
35.8	0	0	0.0132364
35.9	0	0	0.0132181
36	0	0	0.0131973
36.1	0	0	0.013174
36.2	0	0	0.013148
36.3	0	0	0.0131195
36.4	0	0	0.0130883
36.5	0	0	0.0130544
36.6	0	0	0.0130178
36.7	0	0	0.0129786
36.8	0	0	0.0129365
36.9	0	0	0.0128917
37	0	0	0.0128442
37.1	0	0	0.0127938
37.2	0	0	0.0127405
37.3	0	0	0.0126844
37.4	0	0	0.0126254
37.5	0	0	0.0125635
37.6	0	0	0.0124987
37.7	0	0	0.0124309
37.8	0	0	0.0123601
37.9	0	0	0.0122864
38	0	0	0.0122096
38.1	0	0	0.0121297
38.2	0	0	0.0120468
38.3	0	0	0.0119608
38.4	0	0	0.0118717
38.5	0	0	0.0117795
38.6	0	0	0.0116841
38.7	0	0	0.0115856
38.8	0	0	0.0114839
38.9	0	0	0.011379
39	0	0	0.0112708
39.1	0	0	0.0111594
39.2	0	0	0.0110448
39.3	0	0	0.0109269
39.4	0	0	0.0108058
39.5	0	0	0.0106814
39.6	0	0	0.0105536
39.7	0	0	0.0104226
39.8	0	0	0.0102882
39.9	0	0	0.0101505
40	0	0	0.0100095
40.1	0	0	0.00986513
40.2	0	0	0.00971741
40.3	0	0	0.00956635
40.4	0	0	0.00941193
40.5	0	0	0.00925416
40.6	0	0	0.00909303
40.7	0	0	0.00892855
40.8	0	0	0.00876071
40.9	0	0	0.00858952
41	0	0	0.00841498
41.1	0	0	0.00823711
41.2	0	0	0.00805589
41.3	0	0	0.00787136
41.4	0	0	0.00768352
41.5	0	0	0.00749237
41.6	0	0	0.00729793
41.7	0	0	0.00710022
41.8	0	0	0.00689925
41.9	0	0	0.00669504
42	0	0	0.0064876
42.1	0	0	0.00627696
42.2	0	0	0.00606315
42.3	0	0	0.00584618
42.4	0	0	0.00562609
42.5	0	0	0.00540289
42.6	0	0	0.00517662
42.7	0	0	0.0049473
42.8	0	0	0.00471497
42.9	0	0	0.00447966
43	0	0	0.00424141
43.1	0	0	0.00400025
43.2	0	0	0.00375622
43.3	0	0	0.00350937
43.4	0	0	0.00325973
43.5	0	0	0.00300734
43.6	0	0	0.00275226
43.7	0	0	0.00249452
43.8	0	0	0.00223417
43.9	0	0	0.00197126
44	0	0	0.00170584
44.1	0	0	0.00143797
44.2	0	0	0.00116769
44.3	0	0	0.000895071
44.4	0	0	0.00062016
44.5	0	0	0.000343016
44.6	0	0	6.36948e-05
44.7	0	0	-0.000217744
44.8	0	0	-0.000501238
44.9	0	0	-0.000786723
45	0	0	-0.00107414
45.1	0	0	-0.00136341
45.2	0	0	-0.00165448
45.3	0	0	-0.00194728
45.4	0	0	-0.00224173
45.5	0	0	-0.00253778
45.6	0	0	-0.00283535
45.7	0	0	-0.00313437
45.8	0	0	-0.00343477
45.9	0	0	-0.00373647
46	0	0	-0.0040394
46.1	0	0	-0.00434349
46.2	0	0	-0.00464865
46.3	0	0	-0.00495482
46.4	0	0	-0.00526192
46.5	0	0	-0.00556986
46.6	0	0	-0.00587858
46.7	0	0	-0.00618799
46.8	0	0	-0.00649802
46.9	0	0	-0.00680858
47	0	0	-0.0071196
47.1	0	0	-0.007431
47.2	0	0	-0.00774268
47.3	0	0	-0.00805459
47.4	0	0	-0.00836662
47.5	0	0	-0.00867872
47.6	0	0	-0.00899079
47.7	0	0	-0.00930275
47.8	0	0	-0.00961453
47.9	0	0	-0.00992605
48	0	0	-0.0102372
48.1	0	0	-0.0105479
48.2	0	0	-0.0108582
48.3	0	0	-0.0111678
48.4	0	0	-0.0114768
48.5	0	0	-0.011785
48.6	0	0	-0.0120925
48.7	0	0	-0.012399
48.8	0	0	-0.0127046
48.9	0	0	-0.0130091
49	0	0	-0.0133124
49.1	0	0	-0.0136146
49.2	0	0	-0.0139155
49.3	0	0	-0.0142151
49.4	0	0	-0.0145133
49.5	0	0	-0.01481
49.6	0	0	-0.0151051
49.7	0	0	-0.0153986
49.8	0	0	-0.0156904
49.9	0	0	-0.0159805
50	0	0	-0.0162687
50.1	0	0	-0.0165551
50.2	0	0	-0.0168395
50.3	0	0	-0.0171219
50.4	0	0	-0.0174023
50.5	0	0	-0.0176805
50.6	0	0	-0.0179566
50.7	0	0	-0.0182305
50.8	0	0	-0.018502
50.9	0	0	-0.0187713
51	0	0	-0.0190382
51.1	0	0	-0.0193026
51.2	0	0	-0.0195646
51.3	0	0	-0.019824
51.4	0	0	-0.0200809
51.5	0	0	-0.0203353
51.6	0	0	-0.020587
51.7	0	0	-0.020836
51.8	0	0	-0.0210823
51.9	0	0	-0.0213259
52	0	0	-0.0215667
52.1	0	0	-0.0218048
52.2	0	0	-0.02204
52.3	0	0	-0.0222724
52.4	0	0	-0.022502
52.5	0	0	-0.0227286
52.6	0	0	-0.0229524
52.7	0	0	-0.0231733
52.8	0	0	-0.0233912
52.9	0	0	-0.0236062
53	0	0	-0.0238183
53.1	0	0	-0.0240274
53.2	0	0	-0.0242335
53.3	0	0	-0.0244367
53.4	0	0	-0.0246369
53.5	0	0	-0.0248342
53.6	0	0	-0.0250285
53.7	0	0	-0.0252198
53.8	0	0	-0.0254082
53.9	0	0	-0.0255936
54	0	0	-0.025776
54.1	0	0	-0.0259555
54.2	0	0	-0.0261321
54.3	0	0	-0.0263058
54.4	0	0	-0.0264766
54.5	0	0	-0.0266444
54.6	0	0	-0.0268094
54.7	0	0	-0.0269716
54.8	0	0	-0.0271308
54.9	0	0	-0.0272873
55	0	0	-0.0274409
55.1	0	0	-0.0275917
55.2	0	0	-0.0277397
55.3	0	0	-0.027885
55.4	0	0	-0.0280274
55.5	0	0	-0.0281672
55.6	0	0	-0.0283042
55.7	0	0	-0.0284386
55.8	0	0	-0.0285702
55.9	0	0	-0.0286991
56	0	0	-0.0288254
56.1	0	0	-0.028949
56.2	0	0	-0.02907
56.3	0	0	-0.0291883
56.4	0	0	-0.029304
56.5	0	0	-0.0294171
56.6	0	0	-0.0295276
56.7	0	0	-0.0296355
56.8	0	0	-0.0297407
56.9	0	0	-0.0298433
57	0	0	-0.0299433
57.1	0	0	-0.0300407
57.2	0	0	-0.0301355
57.3	0	0	-0.0302276
57.4	0	0	-0.030317
57.5	0	0	-0.0304038
57.6	0	0	-0.0304879
57.7	0	0	-0.0305692
57.8	0	0	-0.0306478
57.9	0	0	-0.0307237
58	0	0	-0.0307967
58.1	0	0	-0.0308669
58.2	0	0	-0.0309342
58.3	0	0	-0.0309985
58.4	0	0	-0.0310599
58.5	0	0	-0.0311183
58.6	0	0	-0.0311736
58.7	0	0	-0.0312258
58.8	0	0	-0.0312748
58.9	0	0	-0.0313205
59	0	0	-0.0313629
59.1	0	0	-0.0314019
59.2	0	0	-0.0314374
59.3	0	0	-0.0314694
59.4	0	0	-0.0314978
59.5	0	0	-0.0315225
59.6	0	0	-0.0315433
59.7	0	0	-0.0315603
59.8	0	0	-0.0315734
59.9	0	0	-0.0315823
60	0	0	-0.0315871
60.1	0	0	-0.0315876
60.2	0	0	-0.0315838
60.3	0	0	-0.0315755
60.4	0	0	-0.0315626
60.5	0	0	-0.031545
60.6	0	0	-0.0315227
60.7	0	0	-0.0314955
60.8	0	0	-0.0314632
60.9	0	0	-0.0314259
61	0	0	-0.0313833
61.1	0	0	-0.0313354
61.2	0	0	-0.031282
61.3	0	0	-0.0312231
61.4	0	0	-0.0311586
61.5	0	0	-0.0310882
61.6	0	0	-0.031012
61.7	0	0	-0.0309298
61.8	0	0	-0.0308415
61.9	0	0	-0.030747
62	0	0	-0.0306463
62.1	0	0	-0.0305391
62.2	0	0	-0.0304255
62.3	0	0	-0.0303053
62.4	0	0	-0.0301784
62.5	0	0	-0.0300448
62.6	0	0	-0.0299044
62.7	0	0	-0.0297571
62.8	0	0	-0.0296028
62.9	0	0	-0.0294414
63	0	0	-0.029273
63.1	0	0	-0.0290974
63.2	0	0	-0.0289146
63.3	0	0	-0.0287245
63.4	0	0	-0.0285271
63.5	0	0	-0.0283224
63.6	0	0	-0.0281102
63.7	0	0	-0.0278907
63.8	0	0	-0.0276638
63.9	0	0	-0.0274294
64	0	0	-0.0271876
64.1	0	0	-0.0269383
64.2	0	0	-0.0266816
64.3	0	0	-0.0264174
64.4	0	0	-0.0261459
64.5	0	0	-0.0258669
64.6	0	0	-0.0255805
64.7	0	0	-0.0252868
64.8	0	0	-0.0249858
64.9	0	0	-0.0246775
65	0	0	-0.024362
65.1	0	0	-0.0240393
65.2	0	0	-0.0237096
65.3	0	0	-0.0233728
65.4	0	0	-0.023029
65.5	0	0	-0.0226784
65.6	0	0	-0.0223209
65.7	0	0	-0.0219568
65.8	0	0	-0.021586
65.9	0	0	-0.0212086
66	0	0	-0.0208248
66.1	0	0	-0.0204347
66.2	0	0	-0.0200384
66.3	0	0	-0.0196359
66.4	0	0	-0.0192273
66.5	0	0	-0.0188129
66.6	0	0	-0.0183927
66.7	0	0	-0.0179668
66.8	0	0	-0.0175354
66.9	0	0	-0.0170986
67	0	0	-0.0166565
67.1	0	0	-0.0162091
67.2	0	0	-0.0157568
67.3	0	0	-0.0152995
67.4	0	0	-0.0148375
67.5	0	0	-0.0143708
67.6	0	0	-0.0138995
67.7	0	0	-0.0134239
67.8	0	0	-0.0129441
67.9	0	0	-0.0124601
68	0	0	-0.0119721
68.1	0	0	-0.0114803
68.2	0	0	-0.0109847
68.3	0	0	-0.0104855
68.4	0	0	-0.00998289
68.5	0	0	-0.00947693
68.6	0	0	-0.00896776
68.7	0	0	-0.00845553
68.8	0	0	-0.00794036
68.9	0	0	-0.00742237
69	0	0	-0.0069017
69.1	0	0	-0.00637846
69.2	0	0	-0.00585278
69.3	0	0	-0.00532479
69.4	0	0	-0.00479462
69.5	0	0	-0.00426237
69.6	0	0	-0.00372819
69.7	0	0	-0.00319218
69.8	0	0	-0.00265448
69.9	0	0	-0.00211519
70	0	0	-0.00157445
70.1	0	0	-0.00103237
70.2	0	0	-0.000489069
70.3	0	0	5.53303e-05
70.4	0	0	0.000600708
70.5	0	0	0.00114695
70.6	0	0	0.00169392
70.7	0	0	0.00224152
70.8	0	0	0.00278962
70.9	0	0	0.0033381
71	0	0	0.00388684
71.1	0	0	0.00443572
71.2	0	0	0.00498461
71.3	0	0	0.0055334
71.4	0	0	0.00608196
71.5	0	0	0.00663015
71.6	0	0	0.00717785
71.7	0	0	0.00772495
71.8	0	0	0.0082713
71.9	0	0	0.00881679
72	0	0	0.00936128
72.1	0	0	0.00990464
72.2	0	0	0.0104467
72.3	0	0	0.0109874
72.4	0	0	0.0115266
72.5	0	0	0.012064
72.6	0	0	0.0125996
72.7	0	0	0.0131333
72.8	0	0	0.0136649
72.9	0	0	0.0141942
73	0	0	0.0147211
73.1	0	0	0.0152455
73.2	0	0	0.0157672
73.3	0	0	0.0162861
73.4	0	0	0.016802
73.5	0	0	0.0173147
73.6	0	0	0.0178241
73.7	0	0	0.0183302
73.8	0	0	0.0188326
73.9	0	0	0.0193313
74	0	0	0.0198261
74.1	0	0	0.0203169
74.2	0	0	0.0208035
74.3	0	0	0.0212857
74.4	0	0	0.0217635
74.5	0	0	0.0222366
74.6	0	0	0.022705
74.7	0	0	0.0231685
74.8	0	0	0.0236269
74.9	0	0	0.0240802
75	0	0	0.0245281
75.1	0	0	0.0249706
75.2	0	0	0.0254075
75.3	0	0	0.0258388
75.4	0	0	0.0262642
75.5	0	0	0.0266838
75.6	0	0	0.0270973
75.7	0	0	0.0275047
75.8	0	0	0.0279059
75.9	0	0	0.0283008
76	0	0	0.0286894
76.1	0	0	0.0290715
76.2	0	0	0.0294471
76.3	0	0	0.0298162
76.4	0	0	0.0301786
76.5	0	0	0.0305344
76.6	0	0	0.0308835
76.7	0	0	0.0312259
76.8	0	0	0.0315616
76.9	0	0	0.0318907
77	0	0	0.032213
77.1	0	0	0.0325286
77.2	0	0	0.0328376
77.3	0	0	0.03314
77.4	0	0	0.0334359
77.5	0	0	0.0337253
77.6	0	0	0.0340083
77.7	0	0	0.0342849
77.8	0	0	0.0345554
77.9	0	0	0.0348198
78	0	0	0.0350781
78.1	0	0	0.0353307
78.2	0	0	0.0355775
78.3	0	0	0.0358188
78.4	0	0	0.0360548
78.5	0	0	0.0362856
78.6	0	0	0.0365113
78.7	0	0	0.0367323
78.8	0	0	0.0369487
78.9	0	0	0.0371608
79	0	0	0.0373688
79.1	0	0	0.0375728
79.2	0	0	0.0377733
79.3	0	0	0.0379704
79.4	0	0	0.0381643
79.5	0	0	0.0383555
79.6	0	0	0.0385441
79.7	0	0	0.0387304
79.8	0	0	0.0389148
79.9	0	0	0.0390975
80	0	0	0.0392787
80.1	0	0	0.0394589
80.2	0	0	0.0396383
80.3	0	0	0.0398171
80.4	0	0	0.0399958
80.5	0	0	0.0401745
80.6	0	0	0.0403536
80.7	0	0	0.0405333
80.8	0	0	0.040714
80.9	0	0	0.0408958
81	0	0	0.0410791
81.1	0	0	0.0412641
81.2	0	0	0.0414511
81.3	0	0	0.0416402
81.4	0	0	0.0418317
81.5	0	0	0.0420257
81.6	0	0	0.0422225
81.7	0	0	0.0424222
81.8	0	0	0.042625
81.9	0	0	0.042831
82	0	0	0.0430402
82.1	0	0	0.0432529
82.2	0	0	0.0434689
82.3	0	0	0.0436884
82.4	0	0	0.0439113
82.5	0	0	0.0441376
82.6	0	0	0.0443674
82.7	0	0	0.0446004
82.8	0	0	0.0448367
82.9	0	0	0.045076
83	0	0	0.0453181
83.1	0	0	0.045563
83.2	0	0	0.0458104
83.3	0	0	0.0460599
83.4	0	0	0.0463114
83.5	0	0	0.0465645
83.6	0	0	0.0468188
83.7	0	0	0.0470739
83.8	0	0	0.0473296
83.9	0	0	0.0475852
84	0	0	0.0478403
84.1	0	0	0.0480945
84.2	0	0	0.0483472
84.3	0	0	0.0485979
84.4	0	0	0.0488459
84.5	0	0	0.0490908
84.6	0	0	0.0493318
84.7	0	0	0.0495683
84.8	0	0	0.0497997
84.9	0	0	0.0500253
85	0	0	0.0502444
85.1	0	0	0.0504564
85.2	0	0	0.0506604
85.3	0	0	0.0508559
85.4	0	0	0.0510421
85.5	0	0	0.0512182
85.6	0	0	0.0513837
85.7	0	0	0.0515377
85.8	0	0	0.0516795
85.9	0	0	0.0518086
86	0	0	0.0519241
86.1	0	0	0.0520255
86.2	0	0	0.052112
86.3	0	0	0.0521832
86.4	0	0	0.0522383
86.5	0	0	0.0522768
86.6	0	0	0.0522982
86.7	0	0	0.052302
86.8	0	0	0.0522877
86.9	0	0	0.0522549
87	0	0	0.0522032
87.1	0	0	0.0521322
87.2	0	0	0.0520417
87.3	0	0	0.0519314
87.4	0	0	0.051801
87.5	0	0	0.0516505
87.6	0	0	0.0514797
87.7	0	0	0.0512885
87.8	0	0	0.051077
87.9	0	0	0.0508451
88	0	0	0.0505931
88.1	0	0	0.0503211
88.2	0	0	0.0500292
88.3	0	0	0.0497177
88.4	0	0	0.049387
88.5	0	0	0.0490373
88.6	0	0	0.0486692
88.7	0	0	0.0482831
88.8	0	0	0.0478794
88.9	0	0	0.0474587
89	0	0	0.0470216
89.1	0	0	0.0465688
89.2	0	0	0.0461009
89.3	0	0	0.0456186
89.4	0	0	0.0451226
89.5	0	0	0.0446137
89.6	0	0	0.0440927
89.7	0	0	0.0435603
89.8	0	0	0.0430174
89.9	0	0	0.0424647
90	0	0	0.0419032
90.1	0	0	0.0413337
90.2	0	0	0.040757
90.3	0	0	0.0401738
90.4	0	0	0.0395852
90.5	0	0	0.0389918
90.6	0	0	0.0383944
90.7	0	0	0.0377939
90.8	0	0	0.037191
90.9	0	0	0.0365864
91	0	0	0.0359807
91.1	0	0	0.0353748
91.2	0	0	0.0347692
91.3	0	0	0.0341644
91.4	0	0	0.0335611
91.5	0	0	0.0329597
91.6	0	0	0.0323607
91.7	0	0	0.0317644
91.8	0	0	0.0311713
91.9	0	0	0.0305816
92	0	0	0.0299956
92.1	0	0	0.0294135
92.2	0	0	0.0288355
92.3	0	0	0.0282616
92.4	0	0	0.0276918
92.5	0	0	0.0271262
92.6	0	0	0.0265647
92.7	0	0	0.0260072
92.8	0	0	0.0254535
92.9	0	0	0.0249035
93	0	0	0.0243568
93.1	0	0	0.0238131
93.2	0	0	0.0232723
93.3	0	0	0.0227338
93.4	0	0	0.0221972
93.5	0	0	0.0216622
93.6	0	0	0.0211282
93.7	0	0	0.0205948
93.8	0	0	0.0200615
93.9	0	0	0.0195277
94	0	0	0.0189928
94.1	0	0	0.0184565
94.2	0	0	0.0179179
94.3	0	0	0.0173768
94.4	0	0	0.0168323
94.5	0	0	0.016284
94.6	0	0	0.0157314
94.7	0	0	0.0151739
94.8	0	0	0.0146109
94.9	0	0	0.0140421
95	0	0	0.0134668
95.1	0	0	0.0128846
95.2	0	0	0.012295
95.3	0	0	0.0116977
95.4	0	0	0.0110923
95.5	0	0	0.0104784
95.6	0	0	0.00985578
95.7	0	0	0.00922406
95.8	0	0	0.00858305
95.9	0	0	0.00793254
96	0	0	0.00727239
96.1	0	0	0.00660246
96.2	0	0	0.0059227
96.3	0	0	0.00523306
96.4	0	0	0.00453357
96.5	0	0	0.00382427
96.6	0	0	0.00310526
96.7	0	0	0.00237668
96.8	0	0	0.00163872
96.9	0	0	0.000891582
97	0	0	0.000135533
97.1	0	0	-0.000629134
97.2	0	0	-0.00140208
97.3	0	0	-0.00218294
97.4	0	0	-0.00297131
97.5	0	0	-0.00376675
97.6	0	0	-0.00456879
97.7	0	0	-0.00537692
97.8	0	0	-0.00619064
97.9	0	0	-0.00700939
98	0	0	-0.00783259
98.1	0	0	-0.00865966
98.2	0	0	-0.00948997
98.3	0	0	-0.0103229
98.4	0	0	-0.0111578
98.5	0	0	-0.011994
98.6	0	0	-0.0128309
98.7	0	0	-0.0136677
98.8	0	0	-0.0145038
98.9	0	0	-0.0153385
99	0	0	-0.0161711
99.1	0	0	-0.0170008
99.2	0	0	-0.0178271
99.3	0	0	-0.0186492
99.4	0	0	-0.0194664
99.5	0	0	-0.0202781
99.6	0	0	-0.0210834
99.7	0	0	-0.0218819
99.8	0	0	-0.0226728
99.9	0	0	-0.0234555
100	0	0	-0.0242292
100.1	0	0	-0.0249935
100.2	0	0	-0.0257477
100.3	0	0	-0.0264912
100.4	0	0	-0.0272233
100.5	0	0	-0.0279436
100.6	0	0	-0.0286515
100.7	0	0	-0.0293464
100.8	0	0	-0.0300279
100.9	0	0	-0.0306954
101	0	0	-0.0313486
101.1	0	0	-0.0319869
101.2	0	0	-0.0326099
101.3	0	0	-0.0332172
101.4	0	0	-0.0338084
101.5	0	0	-0.0343832
101.6	0	0	-0.0349413
101.7	0	0	-0.0354823
101.8	0	0	-0.036006
101.9	0	0	-0.036512
102	0	0	-0.0370003
102.1	0	0	-0.0374705
102.2	0	0	-0.0379225
102.3	0	0	-0.0383561
102.4	0	0	-0.0387712
102.5	0	0	-0.0391678
102.6	0	0	-0.0395457
102.7	0	0	-0.0399049
102.8	0	0	-0.0402455
102.9	0	0	-0.0405674
103	0	0	-0.0408707
103.1	0	0	-0.0411555
103.2	0	0	-0.041422
103.3	0	0	-0.0416702
103.4	0	0	-0.0419003
103.5	0	0	-0.0421126
103.6	0	0	-0.0423074
103.7	0	0	-0.0424848
103.8	0	0	-0.0426453
103.9	0	0	-0.0427892
104	0	0	-0.0429169
104.1	0	0	-0.0430287
104.2	0	0	-0.0431252
104.3	0	0	-0.0432069
104.4	0	0	-0.0432742
104.5	0	0	-0.0433278
104.6	0	0	-0.0433683
104.7	0	0	-0.0433962
104.8	0	0	-0.0434122
104.9	0	0	-0.0434171
105	0	0	-0.0434116
105.1	0	0	-0.0433964
105.2	0	0	-0.0433723
105.3	0	0	-0.0433401
105.4	0	0	-0.0433008
105.5	0	0	-0.0432552
105.6	0	0	-0.0432042
105.7	0	0	-0.0431487
105.8	0	0	-0.0430898
105.9	0	0	-0.0430283
106	0	0	-0.0429653
106.1	0	0	-0.0429018
106.2	0	0	-0.0428388
106.3	0	0	-0.0427774
106.4	0	0	-0.0427187
106.5	0	0	-0.0426636
106.6	0	0	-0.0426133
106.7	0	0	-0.0425688
106.8	0	0	-0.0425312
106.9	0	0	-0.0425015
107	0	0	-0.0424808
107.1	0	0	-0.0424701
107.2	0	0	-0.0424705
107.3	0	0	-0.0424828
107.4	0	0	-0.0425082
107.5	0	0	-0.0425475
107.6	0	0	-0.0426016
107.7	0	0	-0.0426714
107.8	0	0	-0.0427578
107.9	0	0	-0.0428615
108	0	0	-0.0429833
108.1	0	0	-0.0431238
108.2	0	0	-0.0432836
108.3	0	0	-0.0434633
108.4	0	0	-0.0436635
108.5	0	0	-0.0438845
108.6	0	0	-0.0441266
108.7	0	0	-0.0443902
108.8	0	0	-0.0446753
108.9	0	0	-0.0449822
109	0	0	-0.0453108
109.1	0	0	-0.045661
109.2	0	0	-0.0460327
109.3	0	0	-0.0464255
109.4	0	0	-0.0468391
109.5	0	0	-0.047273
109.6	0	0	-0.0477267
109.7	0	0	-0.0481993
109.8	0	0	-0.0486902
109.9	0	0	-0.0491985
110	0	0	-0.0497231
110.1	0	0	-0.0502629
110.2	0	0	-0.0508168
110.3	0	0	-0.0513833
110.4	0	0	-0.0519613
110.5	0	0	-0.052549
110.6	0	0	-0.053145
110.7	0	0	-0.0537476
110.8	0	0	-0.0543551
110.9	0	0	-0.0549655
111	0	0	-0.055577
111.1	0	0	-0.0561877
111.2	0	0	-0.0567954
111.3	0	0	-0.0573983
111.4	0	0	-0.057994
111.5	0	0	-0.0585805
111.6	0	0	-0.0591555
111.7	0	0	-0.0597169
111.8	0	0	-0.0602625
111.9	0	0	-0.0607899
112	0	0	-0.061297
112.1	0	0	-0.0617817
112.2	0	0	-0.0622417
112.3	0	0	-0.0626748
112.4	0	0	-0.0630791
112.5	0	0	-0.0634525
112.6	0	0	-0.063793
112.7	0	0	-0.0640987
112.8	0	0	-0.0643679
112.9	0	0	-0.0645989
113	0	0	-0.06479
113.1	0	0	-0.0649399
113.2	0	0	-0.0650471
113.3	0	0	-0.0651106
113.4	0	0	-0.0651292
113.5	0	0	-0.065102
113.6	0	0	-0.0650283
113.7	0	0	-0.0649075
113.8	0	0	-0.0647391
113.9	0	0	-0.064523
114	0	0	-0.064259
114.1	0	0	-0.0639473
114.2	0	0	-0.0635881
114.3	0	0	-0.063182
114.4	0	0	-0.0627295
114.5	0	0	-0.0622315
114.6	0	0	-0.0616889
114.7	0	0	-0.061103
114.8	0	0	-0.0604751
114.9	0	0	-0.0598067
115	0	0	-0.0590994
115.1	0	0	-0.0583551
115.2	0	0	-0.0575757
115.3	0	0	-0.0567633
115.4	0	0	-0.0559201
115.5	0	0	-0.0550484
115.6	0	0	-0.0541506
115.7	0	0	-0.0532293
115.8	0	0	-0.0522869
115.9	0	0	-0.0513263
116	0	0	-0.0503499
116.1	0	0	-0.0493607
116.2	0	0	-0.0483613
116.3	0	0	-0.0473546
116.4	0	0	-0.0463431
116.5	0	0	-0.0453298
116.6	0	0	-0.0443172
116.7	0	0	-0.043308
116.8	0	0	-0.0423048
116.9	0	0	-0.04131
117	0	0	-0.0403261
117.1	0	0	-0.0393554
117.2	0	0	-0.0384
117.3	0	0	-0.0374619
117.4	0	0	-0.036543
117.5	0	0	-0.0356451
117.6	0	0	-0.0347698
117.7	0	0	-0.0339185
117.8	0	0	-0.0330923
117.9	0	0	-0.0322925
118	0	0	-0.0315197
118.1	0	0	-0.0307748
118.2	0	0	-0.0300582
118.3	0	0	-0.0293701
118.4	0	0	-0.0287108
118.5	0	0	-0.0280801
118.6	0	0	-0.0274777
118.7	0	0	-0.0269031
118.8	0	0	-0.0263558
118.9	0	0	-0.0258349
119	0	0	-0.0253395
119.1	0	0	-0.0248684
119.2	0	0	-0.0244203
119.3	0	0	-0.0239938
119.4	0	0	-0.0235873
119.5	0	0	-0.0231992
119.6	0	0	-0.0228278
119.7	0	0	-0.0224711
119.8	0	0	-0.0221272
119.9	0	0	-0.0217941
120	0	0	-0.0214697
120.1	0	0	-0.0211519
120.2	0	0	-0.0208387
120.3	0	0	-0.0205279
120.4	0	0	-0.0202173
120.5	0	0	-0.0199048
120.6	0	0	-0.0195883
120.7	0	0	-0.0192658
120.8	0	0	-0.0189354
120.9	0	0	-0.0185949
121	0	0	-0.0182427
121.1	0	0	-0.017877
121.2	0	0	-0.017496
121.3	0	0	-0.0170983
121.4	0	0	-0.0166823
121.5	0	0	-0.0162467
121.6	0	0	-0.0157904
121.7	0	0	-0.0153123
121.8	0	0	-0.0148114
121.9	0	0	-0.014287
122	0	0	-0.0137383
122.1	0	0	-0.0131649
122.2	0	0	-0.0125665
122.3	0	0	-0.0119428
122.4	0	0	-0.0112937
122.5	0	0	-0.0106193
122.6	0	0	-0.00991974
122.7	0	0	-0.00919547
122.8	0	0	-0.00844689
122.9	0	0	-0.00767462
123	0	0	-0.00687934
123.1	0	0	-0.0060619
123.2	0	0	-0.00522321
123.3	0	0	-0.0043643
123.4	0	0	-0.0034863
123.5	0	0	-0.00259042
123.6	0	0	-0.00167793
123.7	0	0	-0.000750193
123.8	0	0	0.000191394
123.9	0	0	0.00114537
124	0	0	0.00211023
124.1	0	0	0.00308444
124.2	0	0	0.00406643
124.3	0	0	0.00505464
124.4	0	0	0.00604746
124.5	0	0	0.0070433
124.6	0	0	0.00804058
124.7	0	0	0.00903771
124.8	0	0	0.0100332
124.9	0	0	0.0110254
125	0	0	0.0120129
125.1	0	0	0.0129942
125.2	0	0	0.0139679
125.3	0	0	0.0149326
125.4	0	0	0.015887
125.5	0	0	0.0168298
125.6	0	0	0.0177599
125.7	0	0	0.018676
125.8	0	0	0.019577
125.9	0	0	0.0204621
126	0	0	0.0213301
126.1	0	0	0.0221801
126.2	0	0	0.0230115
126.3	0	0	0.0238233
126.4	0	0	0.024615
126.5	0	0	0.0253858
126.6	0	0	0.0261352
126.7	0	0	0.0268628
126.8	0	0	0.027568
126.9	0	0	0.0282505
127	0	0	0.02891
127.1	0	0	0.0295462
127.2	0	0	0.030159
127.3	0	0	0.0307481
127.4	0	0	0.0313135
127.5	0	0	0.0318551
127.6	0	0	0.0323729
127.7	0	0	0.0328669
127.8	0	0	0.0333372
127.9	0	0	0.033784
128	0	0	0.0342074
128.1	0	0	0.0346075
128.2	0	0	0.0349846
128.3	0	0	0.035339
128.4	0	0	0.0356708
128.5	0	0	0.0359804
128.6	0	0	0.0362682
128.7	0	0	0.0365343
128.8	0	0	0.0367794
128.9	0	0	0.0370036
129	0	0	0.0372074
129.1	0	0	0.0373912
129.2	0	0	0.0375554
129.3	0	0	0.0377005
129.4	0	0	0.037827
129.5	0	0	0.0379353
129.6	0	0	0.0380258
129.7	0	0	0.0380991
129.8	0	0	0.0381557
129.9	0	0	0.0381961
130	0	0	0.0382209
130.1	0	0	0.0382305
130.2	0	0	0.0382255
130.3	0	0	0.0382065
130.4	0	0	0.038174
130.5	0	0	0.0381288
130.6	0	0	0.0380712
130.7	0	0	0.0380021
130.8	0	0	0.0379219
130.9	0	0	0.0378314
131	0	0	0.0377312
131.1	0	0	0.0376221
131.2	0	0	0.0375046
131.3	0	0	0.0373794
131.4	0	0	0.0372475
131.5	0	0	0.0371094
131.6	0	0	0.0369659
131.7	0	0	0.0368179
131.8	0	0	0.036666
131.9	0	0	0.0365112
132	0	0	0.0363543
132.1	0	0	0.0361961
132.2	0	0	0.0360375
132.3	0	0	0.0358794
132.4	0	0	0.0357227
132.5	0	0	0.0355683
132.6	0	0	0.0354171
132.7	0	0	0.0352701
132.8	0	0	0.0351282
132.9	0	0	0.0349924
133	0	0	0.0348636
133.1	0	0	0.0347429
133.2	0	0	0.0346312
133.3	0	0	0.0345294
133.4	0	0	0.0344386
133.5	0	0	0.0343598
133.6	0	0	0.0342938
133.7	0	0	0.0342416
133.8	0	0	0.0342042
133.9	0	0	0.0341825
134	0	0	0.0341774
134.1	0	0	0.0341897
134.2	0	0	0.0342203
134.3	0	0	0.03427
134.4	0	0	0.0343396
134.5	0	0	0.0344298
134.6	0	0	0.0345412
134.7	0	0	0.0346745
134.8	0	0	0.0348303
134.9	0	0	0.0350092
135	0	0	0.0352115
135.1	0	0	0.0354376
135.2	0	0	0.035688
135.3	0	0	0.0359628
135.4	0	0	0.0362622
135.5	0	0	0.0365864
135.6	0	0	0.0369353
135.7	0	0	0.0373089
135.8	0	0	0.037707
135.9	0	0	0.0381293
136	0	0	0.0385755
136.1	0	0	0.0390453
136.2	0	0	0.0395379
136.3	0	0	0.0400528
136.4	0	0	0.0405893
136.5	0	0	0.0411464
136.6	0	0	0.0417234
136.7	0	0	0.042319
136.8	0	0	0.0429322
136.9	0	0	0.0435618
137	0	0	0.0442063
137.1	0	0	0.0448644
137.2	0	0	0.0455345
137.3	0	0	0.046215
137.4	0	0	0.0469042
137.5	0	0	0.0476002
137.6	0	0	0.0483011
137.7	0	0	0.0490051
137.8	0	0	0.0497101
137.9	0	0	0.050414
138	0	0	0.0511145
138.1	0	0	0.0518096
138.2	0	0	0.0524969
138.3	0	0	0.0531741
138.4	0	0	0.053839
138.5	0	0	0.0544891
138.6	0	0	0.0551221
138.7	0	0	0.0557355
138.8	0	0	0.0563271
138.9	0	0	0.0568944
139	0	0	0.0574352
139.1	0	0	0.057947
139.2	0	0	0.0584276
139.3	0	0	0.0588748
139.4	0	0	0.0592864
139.5	0	0	0.0596603
139.6	0	0	0.0599946
139.7	0	0	0.0602871
139.8	0	0	0.0605362
139.9	0	0	0.0607401
140	0	0	0.0608972
140.1	0	0	0.061006
140.2	0	0	0.0610651
140.3	0	0	0.0610733
140.4	0	0	0.0610295
140.5	0	0	0.0609328
140.6	0	0	0.0607825
140.7	0	0	0.0605779
140.8	0	0	0.0603186
140.9	0	0	0.0600043
141	0	0	0.059635
141.1	0	0	0.0592108
141.2	0	0	0.0587318
141.3	0	0	0.0581987
141.4	0	0	0.0576119
141.5	0	0	0.0569724
141.6	0	0	0.0562811
141.7	0	0	0.0555391
141.8	0	0	0.0547479
141.9	0	0	0.0539089
142	0	0	0.0530238
142.1	0	0	0.0520944
142.2	0	0	0.0511227
142.3	0	0	0.0501109
142.4	0	0	0.0490611
142.5	0	0	0.0479759
142.6	0	0	0.0468576
142.7	0	0	0.045709
142.8	0	0	0.0445327
142.9	0	0	0.0433315
143	0	0	0.0421084
143.1	0	0	0.0408662
143.2	0	0	0.039608
143.3	0	0	0.0383368
143.4	0	0	0.0370557
143.5	0	0	0.0357677
143.6	0	0	0.0344759
143.7	0	0	0.0331835
143.8	0	0	0.0318934
143.9	0	0	0.0306086
144	0	0	0.0293322
144.1	0	0	0.0280669
144.2	0	0	0.0268157
144.3	0	0	0.0255812
144.4	0	0	0.0243661
144.5	0	0	0.0231729
144.6	0	0	0.022004
144.7	0	0	0.0208617
144.8	0	0	0.0197481
144.9	0	0	0.0186651
145	0	0	0.0176147
145.1	0	0	0.0165984
145.2	0	0	0.0156178
145.3	0	0	0.0146742
145.4	0	0	0.0137688
145.5	0	0	0.0129024
145.6	0	0	0.0120759
145.7	0	0	0.0112899
145.8	0	0	0.0105448
145.9	0	0	0.00984087
146	0	0	0.00917808
146.1	0	0	0.00855634
146.2	0	0	0.00797534
146.3	0	0	0.0074346
146.4	0	0	0.00693348
146.5	0	0	0.00647116
146.6	0	0	0.00604668
146.7	0	0	0.00565893
146.8	0	0	0.00530666
146.9	0	0	0.00498848
147	0	0	0.00470288
147.1	0	0	0.00444824
147.2	0	0	0.00422284
147.3	0	0	0.00402484
147.4	0	0	0.00385235
147.5	0	0	0.00370337
147.6	0	0	0.00357588
147.7	0	0	0.00346777
147.8	0	0	0.00337691
147.9	0	0	0.00330113
148	0	0	0.00323825
148.1	0	0	0.00318607
148.2	0	0	0.0031424
148.3	0	0	0.00310505
148.4	0	0	0.00307185
148.5	0	0	0.00304069
148.6	0	0	0.00300948
148.7	0	0	0.00297619
148.8	0	0	0.00293884
148.9	0	0	0.00289552
149	0	0	0.0028444
149.1	0	0	0.00278374
149.2	0	0	0.00271187
149.3	0	0	0.00262722
149.4	0	0	0.00252833
149.5	0	0	0.00241385
149.6	0	0	0.00228252
149.7	0	0	0.00213321
149.8	0	0	0.00196491
149.9	0	0	0.00177672
150	0	0	0.00156787
150.1	0	0	0.00133769
150.2	0	0	0.00108566
150.3	0	0	0.000811365
150.4	0	0	0.000514526
150.5	0	0	0.000194976
150.6	0	0	-0.000147329
150.7	0	0	-0.000512315
150.8	0	0	-0.000899795
150.9	0	0	-0.00130947
151	0	0	-0.00174093
151.1	0	0	-0.00219367
151.2	0	0	-0.00266708
151.3	0	0	-0.00316045
151.4	0	0	-0.003673
151.5	0	0	-0.00420382
151.6	0	0	-0.00475198
151.7	0	0	-0.00531644
151.8	0	0	-0.00589609
151.9	0	0	-0.00648979
152	0	0	-0.00709631
152.1	0	0	-0.0077144
152.2	0	0	-0.00834274
152.3	0	0	-0.00898001
152.4	0	0	-0.00962482
152.5	0	0	-0.0102758
152.6	0	0	-0.0109315
152.7	0	0	-0.0115905
152.8	0	0	-0.0122514
152.9	0	0	-0.0129127
153	0	0	-0.0135731
153.1	0	0	-0.0142311
153.2	0	0	-0.0148854
153.3	0	0	-0.0155345
153.4	0	0	-0.0161771
153.5	0	0	-0.0168118
153.6	0	0	-0.0174375
153.7	0	0	-0.0180528
153.8	0	0	-0.0186566
153.9	0	0	-0.0192476
154	0	0	-0.0198249
154.1	0	0	-0.0203872
154.2	0	0	-0.0209336
154.3	0	0	-0.0214632
154.4	0	0	-0.0219751
154.5	0	0	-0.0224683
154.6	0	0	-0.0229423
154.7	0	0	-0.0233961
154.8	0	0	-0.0238293
154.9	0	0	-0.0242412
155	0	0	-0.0246313
155.1	0	0	-0.0249991
155.2	0	0	-0.0253443
155.3	0	0	-0.0256665
155.4	0	0	-0.0259655
155.5	0	0	-0.0262412
155.6	0	0	-0.0264933
155.7	0	0	-0.0267218
155.8	0	0	-0.0269268
155.9	0	0	-0.0271083
156	0	0	-0.0272664
156.1	0	0	-0.0274014
156.2	0	0	-0.0275135
156.3	0	0	-0.0276031
156.4	0	0	-0.0276704
156.5	0	0	-0.027716
156.6	0	0	-0.0277403
156.7	0	0	-0.0277439
156.8	0	0	-0.0277273
156.9	0	0	-0.0276912
157	0	0	-0.0276363
157.1	0	0	-0.0275633
157.2	0	0	-0.0274731
157.3	0	0	-0.0273663
157.4	0	0	-0.0272439
157.5	0	0	-0.0271067
157.6	0	0	-0.0269557
157.7	0	0	-0.0267918
157.8	0	0	-0.026616
157.9	0	0	-0.0264294
158	0	0	-0.0262328
158.1	0	0	-0.0260274
158.2	0	0	-0.0258142
158.3	0	0	-0.0255943
158.4	0	0	-0.0253688
158.5	0	0	-0.0251388
158.6	0	0	-0.0249053
158.7	0	0	-0.0246695
158.8	0	0	-0.0244324
158.9	0	0	-0.0241952
159	0	0	-0.0239589
159.1	0	0	-0.0237247
159.2	0	0	-0.0234935
159.3	0	0	-0.0232665
159.4	0	0	-0.0230447
159.5	0	0	-0.0228291
159.6	0	0	-0.0226207
159.7	0	0	-0.0224205
159.8	0	0	-0.0222295
159.9	0	0	-0.0220486
160	0	0	-0.0218787
160.1	0	0	-0.0217206
160.2	0	0	-0.0215752
160.3	0	0	-0.0214432
160.4	0	0	-0.0213256
160.5	0	0	-0.0212228
160.6	0	0	-0.0211358
160.7	0	0	-0.021065
160.8	0	0	-0.0210111
160.9	0	0	-0.0209746
161	0	0	-0.020956
161.1	0	0	-0.0209558
161.2	0	0	-0.0209744
161.3	0	0	-0.021012
161.4	0	0	-0.0210689
161.5	0	0	-0.0211455
161.6	0	0	-0.0212418
161.7	0	0	-0.021358
161.8	0	0	-0.0214941
161.9	0	0	-0.0216501
162	0	0	-0.0218259
162.1	0	0	-0.0220214
162.2	0	0	-0.0222364
162.3	0	0	-0.0224706
162.4	0	0	-0.0227236
162.5	0	0	-0.0229951
162.6	0	0	-0.0232846
162.7	0	0	-0.0235916
162.8	0	0	-0.0239155
162.9	0	0	-0.0242557
163	0	0	-0.0246115
163.1	0	0	-0.024982
163.2	0	0	-0.0253664
163.3	0	0	-0.025764
163.4	0	0	-0.0261736
163.5	0	0	-0.0265944
163.6	0	0	-0.0270253
163.7	0	0	-0.0274653
163.8	0	0	-0.0279131
163.9	0	0	-0.0283676
164	0	0	-0.0288277
164.1	0	0	-0.029292
164.2	0	0	-0.0297592
164.3	0	0	-0.0302281
164.4	0	0	-0.0306973
164.5	0	0	-0.0311654
164.6	0	0	-0.0316311
164.7	0	0	-0.032093
164.8	0	0	-0.0325496
164.9	0	0	-0.0329995
165	0	0	-0.0334413
165.1	0	0	-0.0338736
165.2	0	0	-0.0342949
165.3	0	0	-0.0347038
165.4	0	0	-0.035099
165.5	0	0	-0.035479
165.6	0	0	-0.0358424
165.7	0	0	-0.0361879
165.8	0	0	-0.0365142
165.9	0	0	-0.0368199
166	0	0	-0.0371038
166.1	0	0	-0.0373647
166.2	0	0	-0.0376014
166.3	0	0	-0.0378128
166.4	0	0	-0.0379977
166.5	0	0	-0.0381551
166.6	0	0	-0.038284
166.7	0	0	-0.0383836
166.8	0	0	-0.0384529
166.9	0	0	-0.0384912
167	0	0	-0.0384977
167.1	0	0	-0.0384718
167.2	0	0	-0.0384128
167.3	0	0	-0.0383204
167.4	0	0	-0.0381941
167.5	0	0	-0.0380335
167.6	0	0	-0.0378384
167.7	0	0	-0.0376086
167.8	0	0	-0.037344
167.9	0	0	-0.0370446
168	0	0	-0.0367106
168.1	0	0	-0.036342
168.2	0	0	-0.0359391
168.3	0	0	-0.0355023
168.4	0	0	-0.035032
168.5	0	0	-0.0345287
168.6	0	0	-0.0339931
168.7	0	0	-0.0334258
168.8	0	0	-0.0328276
168.9	0	0	-0.0321993
169	0	0	-0.0315419
169.1	0	0	-0.0308563
169.2	0	0	-0.0301437
169.3	0	0	-0.0294051
169.4	0	0	-0.0286418
169.5	0	0	-0.027855
169.6	0	0	-0.027046
169.7	0	0	-0.0262163
169.8	0	0	-0.0253672
169.9	0	0	-0.0245002
170	0	0	-0.0236168
170.1	0	0	-0.0227185
170.2	0	0	-0.021807
170.3	0	0	-0.0208838
170.4	0	0	-0.0199506
170.5	0	0	-0.019009
170.6	0	0	-0.0180607
170.7	0	0	-0.0171073
170.8	0	0	-0.0161506
170.9	0	0	-0.0151921
171	0	0	-0.0142336
171.1	0	0	-0.0132768
171.2	0	0	-0.0123232
171.3	0	0	-0.0113745
171.4	0	0	-0.0104324
171.5	0	0	-0.00949835
171.6	0	0	-0.00857398
171.7	0	0	-0.00766078
171.8	0	0	-0.00676025
171.9	0	0	-0.00587381
172	0	0	-0.00500285
172.1	0	0	-0.00414873
172.2	0	0	-0.00331272
172.3	0	0	-0.00249605
172.4	0	0	-0.0016999
172.5	0	0	-0.000925375
172.6	0	0	-0.000173508
172.7	0	0	0.000554724
172.8	0	0	0.00125842
172.9	0	0	0.00193674
173	0	0	0.00258894
173.1	0	0	0.00321433
173.2	0	0	0.0038123
173.3	0	0	0.00438232
173.4	0	0	0.00492394
173.5	0	0	0.0054368
173.6	0	0	0.00592059
173.7	0	0	0.0063751
173.8	0	0	0.0068002
173.9	0	0	0.00719582
174	0	0	0.00756198
174.1	0	0	0.00789876
174.2	0	0	0.00820631
174.3	0	0	0.00848488
174.4	0	0	0.00873476
174.5	0	0	0.00895632
174.6	0	0	0.00915
174.7	0	0	0.00931629
174.8	0	0	0.00945576
174.9	0	0	0.00956901
175	0	0	0.00965672
175.1	0	0	0.00971961
175.2	0	0	0.00975845
175.3	0	0	0.00977405
175.4	0	0	0.00976727
175.5	0	0	0.00973901
175.6	0	0	0.00969021
175.7	0	0	0.00962183
175.8	0	0	0.00953486
175.9	0	0	0.00943034
176	0	0	0.0093093
176.1	0	0	0.00917281
176.2	0	0	0.00902195
176.3	0	0	0.00885782
176.4	0	0	0.00868151
176.5	0	0	0.00849413
176.6	0	0	0.00829679
176.7	0	0	0.00809061
176.8	0	0	0.00787669
176.9	0	0	0.00765611
177	0	0	0.00742997
177.1	0	0	0.00719934
177.2	0	0	0.00696528
177.3	0	0	0.00672882
177.4	0	0	0.00649099
177.5	0	0	0.00625277
177.6	0	0	0.00601514
177.7	0	0	0.00577903
177.8	0	0	0.00554535
177.9	0	0	0.00531497
178	0	0	0.00508874
178.1	0	0	0.00486745
178.2	0	0	0.00465188
178.3	0	0	0.00444276
178.4	0	0	0.00424078
178.5	0	0	0.00404659
178.6	0	0	0.0038608
178.7	0	0	0.00368399
178.8	0	0	0.00351669
178.9	0	0	0.00335937
179	0	0	0.00321248
179.1	0	0	0.00307642
179.2	0	0	0.00295155
179.3	0	0	0.00283818
179.4	0	0	0.0027366
179.5	0	0	0.00264703
179.6	0	0	0.00256968
179.7	0	0	0.00250468
179.8	0	0	0.00245214
179.9	0	0	0.00241215
180	0	0	0.00238473
180.1	0	0	0.00236988
180.2	0	0	0.00236755
180.3	0	0	0.00237767
180.4	0	0	0.00240013
180.5	0	0	0.00243478
180.6	0	0	0.00248145
180.7	0	0	0.00253991
180.8	0	0	0.00260993
180.9	0	0	0.00269124
181	0	0	0.00278355
181.1	0	0	0.00288654
181.2	0	0	0.00299985
181.3	0	0	0.00312313
181.4	0	0	0.003256
181.5	0	0	0.00339804
181.6	0	0	0.00354883
181.7	0	0	0.00370795
181.8	0	0	0.00387494
181.9	0	0	0.00404933
182	0	0	0.00423067
182.1	0	0	0.00441848
182.2	0	0	0.00461227
182.3	0	0	0.00481157
182.4	0	0	0.0050159
182.5	0	0	0.00522476
182.6	0	0	0.00543768
182.7	0	0	0.00565417
182.8	0	0	0.00587376
182.9	0	0	0.00609598
183	0	0	0.00632036
183.1	0	0	0.00654646
183.2	0	0	0.00677382
183.3	0	0	0.00700202
183.4	0	0	0.00723064
183.5	0	0	0.00745926
183.6	0	0	0.00768748
183.7	0	0	0.00791492
183.8	0	0	0.0081412
183.9	0	0	0.00836597
184	0	0	0.00858887
184.1	0	0	0.00880959
184.2	0	0	0.00902779
184.3	0	0	0.0092432
184.4	0	0	0.00945551
184.5	0	0	0.00966446
184.6	0	0	0.00986978
184.7	0	0	0.0100712
184.8	0	0	0.0102686
184.9	0	0	0.0104617
185	0	0	0.0106503
185.1	0	0	0.0108342
185.2	0	0	0.0110133
185.3	0	0	0.0111874
185.4	0	0	0.0113564
185.5	0	0	0.0115201
185.6	0	0	0.0116786
185.7	0	0	0.0118316
185.8	0	0	0.0119791
185.9	0	0	0.0121211
186	0	0	0.0122575
186.1	0	0	0.0123884
186.2	0	0	0.0125136
186.3	0	0	0.0126332
186.4	0	0	0.0127473
186.5	0	0	0.0128558
186.6	0	0	0.0129589
186.7	0	0	0.0130565
186.8	0	0	0.0131487
186.9	0	0	0.0132356
187	0	0	0.0133174
187.1	0	0	0.0133941
187.2	0	0	0.0134658
187.3	0	0	0.0135326
187.4	0	0	0.0135947
187.5	0	0	0.0136521
187.6	0	0	0.013705
187.7	0	0	0.0137536
187.8	0	0	0.0137979
187.9	0	0	0.0138381
188	0	0	0.0138743
188.1	0	0	0.0139066
188.2	0	0	0.0139352
188.3	0	0	0.0139602
188.4	0	0	0.0139816
188.5	0	0	0.0139997
188.6	0	0	0.0140144
188.7	0	0	0.014026
188.8	0	0	0.0140344
188.9	0	0	0.0140398
189	0	0	0.0140423
189.1	0	0	0.0140418
189.2	0	0	0.0140385
189.3	0	0	0.0140325
189.4	0	0	0.0140237
189.5	0	0	0.0140122
189.6	0	0	0.013998
189.7	0	0	0.0139812
189.8	0	0	0.0139618
189.9	0	0	0.0139398
190	0	0	0.0139151
190.1	0	0	0.0138879
190.2	0	0	0.0138581
190.3	0	0	0.0138257
190.4	0	0	0.0137906
190.5	0	0	0.0137528
190.6	0	0	0.0137124
190.7	0	0	0.0136692
190.8	0	0	0.0136233
190.9	0	0	0.0135745
191	0	0	0.0135229
191.1	0	0	0.0134685
191.2	0	0	0.013411
191.3	0	0	0.0133505
191.4	0	0	0.013287
191.5	0	0	0.0132203
191.6	0	0	0.0131503
191.7	0	0	0.0130771
191.8	0	0	0.0130005
191.9	0	0	0.0129203
192	0	0	0.0128367
192.1	0	0	0.0127493
192.2	0	0	0.0126582
192.3	0	0	0.0125633
192.4	0	0	0.0124644
192.5	0	0	0.0123614
192.6	0	0	0.0122543
192.7	0	0	0.012143
192.8	0	0	0.0120272
192.9	0	0	0.011907
193	0	0	0.0117823
193.1	0	0	0.0116529
193.2	0	0	0.0115187
193.3	0	0	0.0113797
193.4	0	0	0.0112358
193.5	0	0	0.0110869
193.6	0	0	0.0109329
193.7	0	0	0.0107738
193.8	0	0	0.0106096
193.9	0	0	0.0104401
194	0	0	0.0102654
194.1	0	0	0.0100855
194.2	0	0	0.00990028
194.3	0	0	0.00970987
194.4	0	0	0.00951425
194.5	0	0	0.00931346
194.6	0	0	0.00910754
194.7	0	0	0.00889655
194.8	0	0	0.00868057
194.9	0	0	0.00845967
195	0	0	0.00823395
195.1	0	0	0.0080035
195.2	0	0	0.00776845
195.3	0	0	0.0075289
195.4	0	0	0.00728501
195.5	0	0	0.0070369
195.6	0	0	0.00678475
195.7	0	0	0.00652872
195.8	0	0	0.00626901
195.9	0	0	0.00600579
196	0	0	0.00573928
196.1	0	0	0.0054697
196.2	0	0	0.00519727
196.3	0	0	0.00492223
196.4	0	0	0.00464483
196.5	0	0	0.00436532
196.6	0	0	0.00408396
196.7	0	0	0.00380104
196.8	0	0	0.00351681
196.9	0	0	0.00323157
197	0	0	0.00294558
197.1	0	0	0.00265913
197.2	0	0	0.0023725
197.3	0	0	0.00208597
197.4	0	0	0.00179984
197.5	0	0	0.00151437
197.6	0	0	0.00122987
197.7	0	0	0.000946616
197.8	0	0	0.000664894
197.9	0	0	0.000384996
198	0	0	0.000107208
198.1	0	0	-0.000168178
198.2	0	0	-0.000440868
198.3	0	0	-0.000710565
198.4	0	0	-0.000976966
198.5	0	0	-0.00123977
198.6	0	0	-0.00149866
198.7	0	0	-0.00175333
198.8	0	0	-0.00200347
198.9	0	0	-0.00224877
199	0	0	-0.00248893
199.1	0	0	-0.00272362
199.2	0	0	-0.00295257
199.3	0	0	-0.00317546
199.4	0	0	-0.00339202
199.5	0	0	-0.00360197
199.6	0	0	-0.00380506
199.7	0	0	-0.00400103
199.8	0	0	-0.00418967
199.9	0	0	-0.00437076
200	0	0	-0.00454411
200.1	0	0	-0.00470955
200.2	0	0	-0.00486693
200.3	0	0	-0.00501612
200.4	0	0	-0.00515698
200.5	0	0	-0.00528942
200.6	0	0	-0.00541333
200.7	0	0	-0.00552866
200.8	0	0	-0.00563531
200.9	0	0	-0.00573325
201	0	0	-0.00582242
201.1	0	0	-0.00590277
201.2	0	0	-0.00597428
201.3	0	0	-0.00603691
201.4	0	0	-0.00609065
201.5	0	0	-0.00613547
201.6	0	0	-0.00617138
201.7	0	0	-0.00619839
201.8	0	0	-0.0062165
201.9	0	0	-0.00622577
202	0	0	-0.00622623
202.1	0	0	-0.00621796
202.2	0	0	-0.00620104
202.3	0	0	-0.00617559
202.4	0	0	-0.00614172
202.5	0	0	-0.00609958
202.6	0	0	-0.00604934
202.7	0	0	-0.00599119
202.8	0	0	-0.00592534
202.9	0	0	-0.00585202
203	0	0	-0.00577146
203.1	0	0	-0.00568392
203.2	0	0	-0.00558967
203.3	0	0	-0.00548897
203.4	0	0	-0.00538211
203.5	0	0	-0.00526937
203.6	0	0	-0.00515102
203.7	0	0	-0.00502736
203.8	0	0	-0.00489865
203.9	0	0	-0.00476519
204	0	0	-0.00462723
204.1	0	0	-0.00448504
204.2	0	0	-0.00433889
204.3	0	0	-0.00418902
204.4	0	0	-0.0040357
204.5	0	0	-0.00387917
204.6	0	0	-0.00371969
204.7	0	0	-0.00355749
204.8	0	0	-0.00339286
204.9	0	0	-0.00322603
205	0	0	-0.00305729
205.1	0	0	-0.0028869
205.2	0	0	-0.00271515
205.3	0	0	-0.00254234
205.4	0	0	-0.00236877
205.5	0	0	-0.00219474
205.6	0	0	-0.00202059
205.7	0	0	-0.00184665
205.8	0	0	-0.00167325
205.9	0	0	-0.00150074
206	0	0	-0.00132945
206.1	0	0	-0.00115973
206.2	0	0	-0.000991908
206.3	0	0	-0.000826312
206.4	0	0	-0.000663257
206.5	0	0	-0.000503044
206.6	0	0	-0.000345961
206.7	0	0	-0.000192276
206.8	0	0	-4.22405e-05
206.9	0	0	0.000103918
207	0	0	0.000245992
207.1	0	0	0.000383795
207.2	0	0	0.000517162
207.3	0	0	0.000645946
207.4	0	0	0.000770017
207.5	0	0	0.00088926
207.6	0	0	0.00100357
207.7	0	0	0.00111285
207.8	0	0	0.00121702
207.9	0	0	0.001316
208	0	0	0.0014097
208.1	0	0	0.00149806
208.2	0	0	0.00158099
208.3	0	0	0.00165843
208.4	0	0	0.00173028
208.5	0	0	0.00179647
208.6	0	0	0.00185691
208.7	0	0	0.00191153
208.8	0	0	0.00196023
208.9	0	0	0.00200294
209	0	0	0.00203958
209.1	0	0	0.00207011
209.2	0	0	0.00209445
209.3	0	0	0.00211257
209.4	0	0	0.00212445
209.5	0	0	0.00213007
209.6	0	0	0.00212945
209.7	0	0	0.00212261
209.8	0	0	0.00210959
209.9	0	0	0.00209047
210	0	0	0.00206534
210.1	0	0	0.00203431
210.2	0	0	0.00199751
210.3	0	0	0.00195508
210.4	0	0	0.00190719
210.5	0	0	0.001854
210.6	0	0	0.0017957
210.7	0	0	0.00173248
210.8	0	0	0.00166453
210.9	0	0	0.00159204
211	0	0	0.00151522
211.1	0	0	0.00143426
211.2	0	0	0.00134934
211.3	0	0	0.00126067
211.4	0	0	0.00116841
211.5	0	0	0.00107275
211.6	0	0	0.000973829
211.7	0	0	0.000871821
211.8	0	0	0.000766876
211.9	0	0	0.000659143
212	0	0	0.000548766
212.1	0	0	0.000435887
212.2	0	0	0.000320649
212.3	0	0	0.000203195
212.4	0	0	8.36687e-05
212.5	0	0	-3.7781e-05
212.6	0	0	-0.000160998
212.7	0	0	-0.000285818
212.8	0	0	-0.000412067
212.9	0	0	-0.00053956
213	0	0	-0.000668101
213.1	0	0	-0.000797483
213.2	0	0	-0.000927488
213.3	0	0	-0.00105789
213.4	0	0	-0.00118845
213.5	0	0	-0.00131893
213.6	0	0	-0.00144908
213.7	0	0	-0.00157865
213.8	0	0	-0.00170737
213.9	0	0	-0.00183499
214	0	0	-0.00196126
214.1	0	0	-0.00208592
214.2	0	0	-0.00220873
214.3	0	0	-0.00232945
214.4	0	0	-0.00244787
214.5	0	0	-0.00256376
214.6	0	0	-0.00267692
214.7	0	0	-0.00278718
214.8	0	0	-0.00289434
214.9	0	0	-0.00299827
215	0	0	-0.0030988
215.1	0	0	-0.00319582
215.2	0	0	-0.00328921
215.3	0	0	-0.00337887
215.4	0	0	-0.00346471
215.5	0	0	-0.00354665
215.6	0	0	-0.00362463
215.7	0	0	-0.00369856
215.8	0	0	-0.0037684
215.9	0	0	-0.00383408
216	0	0	-0.00389555
216.1	0	0	-0.00395274
216.2	0	0	-0.0040056
216.3	0	0	-0.00405406
216.4	0	0	-0.00409808
216.5	0	0	-0.00413757
216.6	0	0	-0.00417248
216.7	0	0	-0.00420274
216.8	0	0	-0.00422827
216.9	0	0	-0.00424899
217	0	0	-0.00426483
217.1	0	0	-0.00427572
217.2	0	0	-0.00428158
217.3	0	0	-0.00428235
217.4	0	0	-0.00427797
217.5	0	0	-0.00426838
217.6	0	0	-0.00425354
217.7	0	0	-0.00423341
217.8	0	0	-0.00420796
217.9	0	0	-0.0041772
218	0	0	-0.00414112
218.1	0	0	-0.00409974
218.2	0	0	-0.00405311
218.3	0	0	-0.00400128
218.4	0	0	-0.00394432
218.5	0	0	-0.00388231
218.6	0	0	-0.00381534
218.7	0	0	-0.00374354
218.8	0	0	-0.00366703
218.9	0	0	-0.00358593
219	0	0	-0.0035004
219.1	0	0	-0.00341059
219.2	0	0	-0.00331666
219.3	0	0	-0.00321879
219.4	0	0	-0.00311714
219.5	0	0	-0.00301189
219.6	0	0	-0.00290321
219.7	0	0	-0.00279128
219.8	0	0	-0.00267625
219.9	0	0	-0.00255831
220	0	0	-0.00243761
220.1	0	0	-0.00231431
220.2	0	0	-0.00218857
220.3	0	0	-0.00206054
220.4	0	0	-0.00193037
220.5	0	0	-0.00179821
220.6	0	0	-0.00166419
