0.00000000e+00
1.08210101e-08
8.65622893e-08
2.92115151e-07
6.92313003e-07
1.35190242e-06
2.33551424e-06
3.70763469e-06
5.53257654e-06
7.87445036e-06
1.07971358e-05
1.43642528e-05
1.86391334e-05
2.36847926e-05
2.95639007e-05
3.63387544e-05
4.40712490e-05
5.28228502e-05
6.26545659e-05
7.36269188e-05
8.57999187e-05
9.92330345e-05
1.13985168e-04
1.30114624e-04
1.47679087e-04
1.66735592e-04
1.87340498e-04
2.09549462e-04
2.33417414e-04
2.58998528e-04
2.86346197e-04
3.15513011e-04
3.46550727e-04
3.79510247e-04
4.14441591e-04
4.51393873e-04
4.90415278e-04
5.31553037e-04
5.74853403e-04
6.20361628e-04
6.68121939e-04
7.18177517e-04
7.70570471e-04
8.25341820e-04
8.82531468e-04
9.42178183e-04
1.00431958e-03
1.06899208e-03
1.13623094e-03
1.20607016e-03
1.27854252e-03
1.35367955e-03
1.43151149e-03
1.51206728e-03
1.59537456e-03
1.68145963e-03
1.77034744e-03
1.86206158e-03
1.95662425e-03
2.05405625e-03
2.15437697e-03
2.25760436e-03
2.36375493e-03
2.47284373e-03
2.58488433e-03
2.69988882e-03
2.81786777e-03
2.93883027e-03
3.06278383e-03
3.18973448e-03
3.31968665e-03
3.45264323e-03
3.58860555e-03
3.72757333e-03
3.86954473e-03
4.01451628e-03
4.16248292e-03
4.31343796e-03
4.46737309e-03
4.62427838e-03
4.78414225e-03
4.94695147e-03
5.11269117e-03
5.28134482e-03
5.45289424e-03
5.62731957e-03
5.80459930e-03
5.98471024e-03
6.16762753e-03
6.35332463e-03
6.54177333e-03
6.73294375e-03
6.92680433e-03
7.12332181e-03
7.32246129e-03
7.52418618e-03
7.72845820e-03
7.93523743e-03
8.14448226e-03
8.35614942e-03
8.57019399e-03
8.78656939e-03
9.00522737e-03
9.22611805e-03
9.44918993e-03
9.67438984e-03
9.90166300e-03
1.01309530e-02
1.03622019e-02
1.05953500e-02
1.08303362e-02
1.10670976e-02
1.13055700e-02
1.15456873e-02
1.17873822e-02
1.20305856e-02
1.22752270e-02
1.25212343e-02
1.27685341e-02
1.30170514e-02
1.32667095e-02
1.35174305e-02
1.37691352e-02
1.40217426e-02
1.42751706e-02
1.45293355e-02
1.47841523e-02
1.50395348e-02
1.52953952e-02
1.55516445e-02
1.58081925e-02
1.60649476e-02
1.63218169e-02
1.65787064e-02
1.68355209e-02
1.70921638e-02
1.73485375e-02
1.76045432e-02
1.78600810e-02
1.81150499e-02
1.83693478e-02
1.86228714e-02
1.88755168e-02
1.91271785e-02
1.93777506e-02
1.96271259e-02
1.98751963e-02
2.01218529e-02
2.03669859e-02
2.06104847e-02
2.08522378e-02
2.10921329e-02
2.13300570e-02
2.15658964e-02
2.17995367e-02
2.20308627e-02
2.22597587e-02
2.24861083e-02
2.27097947e-02
2.29307003e-02
2.31487072e-02
2.33636968e-02
2.35755503e-02
2.37841483e-02
2.39893710e-02
2.41910985e-02
2.43892102e-02
2.45835856e-02
2.47741036e-02
2.49606432e-02
2.51430829e-02
2.53213013e-02
2.54951768e-02
2.56645876e-02
2.58294122e-02
2.59895287e-02
2.61448153e-02
2.62951506e-02
2.64404129e-02
2.65804808e-02
2.67152330e-02
2.68445485e-02
2.69683066e-02
2.70863866e-02
2.71986684e-02
2.73050321e-02
2.74053583e-02
2.74995279e-02
2.75874224e-02
2.76689237e-02
2.77439142e-02
2.78122770e-02
2.78738957e-02
2.79286547e-02
2.79764389e-02
2.80171341e-02
2.80506266e-02
2.80768039e-02
2.80955539e-02
2.81067657e-02
2.81103292e-02
2.81061352e-02
2.80940756e-02
2.80740431e-02
2.80459317e-02
2.80096364e-02
2.79650534e-02
2.79120799e-02
2.78506145e-02
2.77805568e-02
2.77018081e-02
2.76142705e-02
2.75178479e-02
2.74124452e-02
2.72979691e-02
2.71743274e-02
2.70414298e-02
2.68991871e-02
2.67475119e-02
2.65863184e-02
2.64155225e-02
2.62350415e-02
2.60447946e-02
2.58447029e-02
2.56346888e-02
2.54146770e-02
2.51845937e-02
2.49443672e-02
2.46939275e-02
2.44332067e-02
2.41621387e-02
2.38806596e-02
2.35887073e-02
2.32862221e-02
2.29731459e-02
2.26494233e-02
2.23150004e-02
2.19698261e-02
2.16138512e-02
2.12470286e-02
2.08693138e-02
2.04806644e-02
2.00810403e-02
1.96704039e-02
1.92487198e-02
1.88159551e-02
1.83720793e-02
1.79170643e-02
1.74508846e-02
1.69735171e-02
1.64849414e-02
1.59851392e-02
1.54740954e-02
1.49517969e-02
1.44182337e-02
1.38733980e-02
1.33172850e-02
1.27498925e-02
1.21712209e-02
1.15812732e-02
1.09800555e-02
1.03675764e-02
9.74384722e-03
9.10888224e-03
8.46269844e-03
7.80531563e-03
7.13675646e-03
6.45704644e-03
5.76621391e-03
5.06429011e-03
4.35130915e-03
3.62730805e-03
2.89232675e-03
2.14640808e-03
1.38959782e-03
6.21944690e-04
-1.56499640e-04
-9.45680547e-04
-1.74554044e-03
-2.55601877e-03
-3.37705198e-03
-4.20857356e-03
-5.05051399e-03
-5.90280078e-03
-6.76535842e-03
-7.63810843e-03
-8.52096929e-03
-9.41385651e-03
-1.03166826e-02
-1.12293570e-02
-1.21517863e-02
-1.30838739e-02
-1.40255203e-02
-1.49766230e-02
-1.59370766e-02
-1.69067725e-02
-1.78855992e-02
-1.88734424e-02
-1.98701845e-02
-2.08757052e-02
-2.18898812e-02
-2.29125862e-02
-2.39436909e-02
-2.49830632e-02
-2.60305679e-02
-2.70860672e-02
-2.81494201e-02
-2.92204828e-02
-3.02991087e-02
-3.13851484e-02
-3.24784495e-02
-3.35788567e-02
-3.46862123e-02
-3.58003553e-02
-3.69211223e-02
-3.80483470e-02
-3.91818603e-02
-4.03214906e-02
-4.14670634e-02
-4.26184015e-02
-4.37753253e-02
-4.49376523e-02
-4.61051975e-02
-4.72777733e-02
-4.84551897e-02
-4.96372540e-02
-5.08237709e-02
-5.20145429e-02
-5.32093698e-02
-5.44080492e-02
-5.56103760e-02
-5.68161431e-02
-5.80251408e-02
-5.92371572e-02
-6.04519781e-02
-6.16693871e-02
-6.28891655e-02
-6.41110927e-02
-6.53349456e-02
-6.65604991e-02
-6.77875263e-02
-6.90157979e-02
-7.02450828e-02
-7.14751479e-02
-7.27057583e-02
-7.39366770e-02
-7.51676652e-02
-7.63984826e-02
-7.76288867e-02
-7.88586336e-02
-8.00874775e-02
-8.13151712e-02
-8.25414657e-02
-8.37661105e-02
-8.49888537e-02
-8.62094418e-02
-8.74276200e-02
-8.86431320e-02
-8.98557203e-02
-9.10651260e-02
-9.22710890e-02
-9.34733481e-02
-9.46716409e-02
-9.58657039e-02
-9.70552725e-02
-9.82400813e-02
-9.94198637e-02
-1.00594352e-01
-1.01763279e-01
-1.02926375e-01
-1.04083371e-01
-1.05233995e-01
-1.06377977e-01
-1.07515045e-01
-1.08644928e-01
-1.09767352e-01
-1.10882044e-01
-1.11988731e-01
-1.13087139e-01
-1.14176995e-01
-1.15258023e-01
-1.16329950e-01
-1.17392501e-01
-1.18445401e-01
-1.19488376e-01
-1.20521152e-01
-1.21543454e-01
-1.22555008e-01
-1.23555541e-01
-1.24544778e-01
-1.25522447e-01
-1.26488274e-01
-1.27441988e-01
-1.28383316e-01
-1.29311988e-01
-1.30227732e-01
-1.31130279e-01
-1.32019360e-01
-1.32894707e-01
-1.33756051e-01
-1.34603128e-01
-1.35435670e-01
-1.36253415e-01
-1.37056097e-01
-1.37843457e-01
-1.38615231e-01
-1.39371162e-01
-1.40110990e-01
-1.40834460e-01
-1.41541314e-01
-1.42231301e-01
-1.42904167e-01
-1.43559661e-01
-1.44197536e-01
-1.44817543e-01
-1.45419438e-01
-1.46002978e-01
-1.46567919e-01
-1.47114024e-01
-1.47641055e-01
-1.48148776e-01
-1.48636954e-01
-1.49105358e-01
-1.49553760e-01
-1.49981934e-01
-1.50389655e-01
-1.50776702e-01
-1.51142856e-01
-1.51487901e-01
-1.51811623e-01
-1.52113811e-01
-1.52394256e-01
-1.52652754e-01
-1.52889101e-01
-1.53103098e-01
-1.53294548e-01
-1.53463256e-01
-1.53609033e-01
-1.53731691e-01
-1.53831044e-01
-1.53906913e-01
-1.53959118e-01
-1.53987485e-01
-1.53991844e-01
-1.53972025e-01
-1.53927864e-01
-1.53859202e-01
-1.53765879e-01
-1.53647743e-01
-1.53504644e-01
-1.53336435e-01
-1.53142973e-01
-1.52924121e-01
-1.52679742e-01
-1.52409706e-01
-1.52113886e-01
-1.51792158e-01
-1.51444404e-01
-1.51070509e-01
-1.50670361e-01
-1.50243854e-01
-1.49790886e-01
-1.49311358e-01
-1.48805175e-01
-1.48272249e-01
-1.47712494e-01
-1.47125829e-01
-1.46512177e-01
-1.45871467e-01
-1.45203630e-01
-1.44508603e-01
-1.43786329e-01
-1.43036753e-01
-1.42259825e-01
-1.41455502e-01
-1.40623743e-01
-1.39764513e-01
-1.38877782e-01
-1.37963524e-01
-1.37021717e-01
-1.36052346e-01
-1.35055401e-01
-1.34030873e-01
-1.32978763e-01
-1.31899073e-01
-1.30791812e-01
-1.29656993e-01
-1.28494636e-01
-1.27304763e-01
-1.26087403e-01
-1.24842589e-01
-1.23570360e-01
-1.22270760e-01
-1.20943837e-01
-1.19589646e-01
-1.18208246e-01
-1.16799700e-01
-1.15364078e-01
-1.13901455e-01
-1.12411910e-01
-1.10895528e-01
-1.09352399e-01
-1.07782618e-01
-1.06186286e-01
-1.04563509e-01
-1.02914397e-01
-1.01239066e-01
-9.95376377e-02
-9.78102387e-02
-9.60570004e-02
-9.42780600e-02
-9.24735594e-02
-9.06436461e-02
-8.87884726e-02
-8.69081967e-02
-8.50029813e-02
-8.30729945e-02
-8.11184097e-02
-7.91394054e-02
-7.71361652e-02
-7.51088779e-02
-7.30577374e-02
-7.09829428e-02
-6.88846982e-02
-6.67632130e-02
-6.46187014e-02
-6.24513829e-02
-6.02614819e-02
-5.80492278e-02
-5.58148551e-02
-5.35586033e-02
-5.12807168e-02
-4.89814449e-02
-4.66610418e-02
-4.43197668e-02
-4.19578838e-02
-3.95756617e-02
-3.71733741e-02
-3.47512993e-02
-3.23097207e-02
-2.98489260e-02
-2.73692078e-02
-2.48708633e-02
-2.23541943e-02
-1.98195072e-02
-1.72671130e-02
-1.46973271e-02
-1.21104694e-02
-9.50686424e-03
-6.88684035e-03
-4.25073080e-03
-1.59887296e-03
1.06839152e-03
3.75071679e-03
6.44775283e-03
9.15914548e-03
1.18845365e-02
1.46235636e-02
1.73758606e-02
2.01410573e-02
2.29187796e-02
2.57086495e-02
2.85102855e-02
3.13233021e-02
3.41473102e-02
3.69819171e-02
3.98267265e-02
4.26813386e-02
4.55453503e-02
4.84183549e-02
5.12999425e-02
5.41896997e-02
5.70872102e-02
5.99920544e-02
6.29038096e-02
6.58220501e-02
6.87463471e-02
7.16762692e-02
7.46113818e-02
7.75512479e-02
8.04954276e-02
8.34434783e-02
8.63949549e-02
8.93494098e-02
9.23063932e-02
9.52654525e-02
9.82261331e-02
1.01187978e-01
1.04150529e-01
1.07113324e-01
1.10075900e-01
1.13037792e-01
1.15998534e-01
1.18957656e-01
1.21914689e-01
1.24869160e-01
1.27820596e-01
1.30768522e-01
1.33712461e-01
1.36651936e-01
1.39586468e-01
1.42515577e-01
1.45438781e-01
1.48355599e-01
1.51265547e-01
1.54168141e-01
1.57062897e-01
1.59949330e-01
1.62826952e-01
1.65695279e-01
1.68553823e-01
1.71402097e-01
1.74239612e-01
1.77065883e-01
1.79880420e-01
1.82682737e-01
1.85472345e-01
1.88248756e-01
1.91011484e-01
1.93760042e-01
1.96493943e-01
1.99212701e-01
2.01915830e-01
2.04602846e-01
2.07273264e-01
2.09926602e-01
2.12562377e-01
2.15180108e-01
2.17779315e-01
2.20359519e-01
2.22920241e-01
2.25461007e-01
2.27981340e-01
2.30480768e-01
2.32958819e-01
2.35415023e-01
2.37848912e-01
2.40260018e-01
2.42647879e-01
2.45012031e-01
2.47352015e-01
2.49667372e-01
2.51957646e-01
2.54222386e-01
2.56461139e-01
2.58673458e-01
2.60858896e-01
2.63017012e-01
2.65147365e-01
2.67249518e-01
2.69323037e-01
2.71367491e-01
2.73382453e-01
2.75367496e-01
2.77322201e-01
2.79246148e-01
2.81138925e-01
2.83000119e-01
2.84829324e-01
2.86626135e-01
2.88390155e-01
2.90120986e-01
2.91818236e-01
2.93481519e-01
2.95110450e-01
2.96704650e-01
2.98263743e-01
2.99787359e-01
3.01275132e-01
3.02726699e-01
3.04141704e-01
3.05519793e-01
3.06860619e-01
3.08163838e-01
3.09429113e-01
3.10656109e-01
3.11844500e-01
3.12993961e-01
3.14104174e-01
3.15174828e-01
3.16205614e-01
3.17196230e-01
3.18146379e-01
3.19055771e-01
3.19924119e-01
3.20751144e-01
3.21536572e-01
3.22280133e-01
3.22981565e-01
3.23640611e-01
3.24257021e-01
3.24830549e-01
3.25360956e-01
3.25848010e-01
3.26291485e-01
3.26691158e-01
3.27046818e-01
3.27358255e-01
3.27625269e-01
3.27847664e-01
3.28025252e-01
3.28157852e-01
3.28245287e-01
3.28287390e-01
3.28283998e-01
3.28234955e-01
3.28140114e-01
3.27999333e-01
3.27812476e-01
3.27579416e-01
3.27300033e-01
3.26974211e-01
3.26601844e-01
3.26182831e-01
3.25717081e-01
3.25204508e-01
3.24645032e-01
3.24038582e-01
3.23385094e-01
3.22684512e-01
3.21936786e-01
3.21141872e-01
3.20299738e-01
3.19410353e-01
3.18473700e-01
3.17489763e-01
3.16458539e-01
3.15380029e-01
3.14254243e-01
3.13081198e-01
3.11860917e-01
3.10593434e-01
3.09278788e-01
3.07917025e-01
3.06508201e-01
3.05052377e-01
3.03549624e-01
3.02000018e-01
3.00403645e-01
2.98760597e-01
2.97070975e-01
2.95334885e-01
2.93552444e-01
2.91723775e-01
2.89849007e-01
2.87928279e-01
2.85961737e-01
2.83949534e-01
2.81891832e-01
2.79788797e-01
2.77640607e-01
2.75447445e-01
2.73209502e-01
2.70926977e-01
2.68600077e-01
2.66229014e-01
2.63814009e-01
2.61355293e-01
2.58853100e-01
2.56307674e-01
2.53719266e-01
2.51088134e-01
2.48414544e-01
2.45698769e-01
2.42941089e-01
2.40141791e-01
2.37301171e-01
2.34419529e-01
2.31497177e-01
2.28534429e-01
2.25531609e-01
2.22489047e-01
2.19407081e-01
2.16286056e-01
2.13126322e-01
2.09928239e-01
2.06692171e-01
2.03418490e-01
2.00107575e-01
1.96759812e-01
1.93375593e-01
1.89955316e-01
1.86499387e-01
1.83008218e-01
1.79482228e-01
1.75921841e-01
1.72327488e-01
1.68699607e-01
1.65038642e-01
1.61345042e-01
1.57619265e-01
1.53861771e-01
1.50073029e-01
1.46253514e-01
1.42403704e-01
1.38524087e-01
1.34615154e-01
1.30677401e-01
1.26711332e-01
1.22717456e-01
1.18696285e-01
1.14648340e-01
1.10574145e-01
1.06474230e-01
1.02349130e-01
9.81993853e-02
9.40255408e-02
8.98281467e-02
8.56077581e-02
8.13649347e-02
7.71002411e-02
7.28142464e-02
6.85075242e-02
6.41806526e-02
5.98342141e-02
5.54687956e-02
5.10849879e-02
4.66833862e-02
4.22645896e-02
3.78292011e-02
3.33778276e-02
2.89110798e-02
2.44295720e-02
1.99339220e-02
1.54247512e-02
1.09026845e-02
6.36834971e-03
1.82237819e-03
-2.73459577e-03
-7.30193484e-03
-1.18789988e-02
-1.64651445e-02
-2.10597264e-02
-2.56620959e-02
-3.02716023e-02
-3.48875923e-02
-3.95094102e-02
-4.41363983e-02
-4.87678967e-02
-5.34032435e-02
-5.80417748e-02
-6.26828252e-02
-6.73257272e-02
-7.19698120e-02
-7.66144093e-02
-8.12588472e-02
-8.59024529e-02
-9.05445521e-02
-9.51844696e-02
-9.98215291e-02
-1.04455054e-01
-1.09084366e-01
-1.13708786e-01
-1.18327637e-01
-1.22940238e-01
-1.27545911e-01
-1.32143974e-01
-1.36733749e-01
-1.41314554e-01
-1.45885712e-01
-1.50446541e-01
-1.54996363e-01
-1.59534498e-01
-1.64060270e-01
-1.68573000e-01
-1.73072011e-01
-1.77556628e-01
-1.82026176e-01
-1.86479981e-01
-1.90917370e-01
-1.95337674e-01
-1.99740221e-01
-2.04124343e-01
-2.08489375e-01
-2.12834652e-01
-2.17159510e-01
-2.21463288e-01
-2.25745329e-01
-2.30004976e-01
-2.34241573e-01
-2.38454470e-01
-2.42643017e-01
-2.46806568e-01
-2.50944478e-01
-2.55056107e-01
-2.59140816e-01
-2.63197970e-01
-2.67226939e-01
-2.71227092e-01
-2.75197805e-01
-2.79138457e-01
-2.83048428e-01
-2.86927105e-01
-2.90773877e-01
-2.94588137e-01
-2.98369283e-01
-3.02116715e-01
-3.05829840e-01
-3.09508068e-01
-3.13150812e-01
-3.16757492e-01
-3.20327530e-01
-3.23860356e-01
-3.27355401e-01
-3.30812104e-01
-3.34229908e-01
-3.37608260e-01
-3.40946613e-01
-3.44244426e-01
-3.47501163e-01
-3.50716292e-01
-3.53889288e-01
-3.57019632e-01
-3.60106810e-01
-3.63150314e-01
-3.66149641e-01
-3.69104296e-01
-3.72013788e-01
-3.74877633e-01
-3.77695354e-01
-3.80466479e-01
-3.83190544e-01
-3.85867089e-01
-3.88495664e-01
-3.91075823e-01
-3.93607127e-01
-3.96089145e-01
-3.98521453e-01
-4.00903632e-01
-4.03235272e-01
-4.05515969e-01
-4.07745327e-01
-4.09922957e-01
-4.12048476e-01
-4.14121511e-01
-4.16141695e-01
-4.18108668e-01
-4.20022078e-01
-4.21881582e-01
-4.23686842e-01
-4.25437531e-01
-4.27133327e-01
-4.28773918e-01
-4.30358998e-01
-4.31888272e-01
-4.33361449e-01
-4.34778251e-01
-4.36138403e-01
-4.37441642e-01
-4.38687711e-01
-4.39876364e-01
-4.41007362e-01
-4.42080472e-01
-4.43095473e-01
-4.44052152e-01
-4.44950303e-01
-4.45789729e-01
-4.46570242e-01
-4.47291663e-01
-4.47953823e-01
-4.48556557e-01
-4.49099715e-01
-4.49583151e-01
-4.50006731e-01
-4.50370327e-01
-4.50673822e-01
-4.50917108e-01
-4.51100084e-01
-4.51222661e-01
-4.51284756e-01
-4.51286297e-01
-4.51227221e-01
-4.51107472e-01
-4.50927006e-01
-4.50685785e-01
-4.50383784e-01
-4.50020982e-01
-4.49597373e-01
-4.49112956e-01
-4.48567739e-01
-4.47961743e-01
-4.47294993e-01
-4.46567528e-01
-4.45779393e-01
-4.44930643e-01
-4.44021342e-01
-4.43051565e-01
-4.42021393e-01
-4.40930919e-01
-4.39780243e-01
-4.38569475e-01
-4.37298735e-01
-4.35968151e-01
-4.34577860e-01
-4.33128009e-01
-4.31618754e-01
-4.30050258e-01
-4.28422696e-01
-4.26736250e-01
-4.24991112e-01
-4.23187482e-01
-4.21325571e-01
-4.19405596e-01
-4.17427785e-01
-4.15392373e-01
-4.13299607e-01
-4.11149740e-01
-4.08943034e-01
-4.06679760e-01
-4.04360200e-01
-4.01984640e-01
-3.99553379e-01
-3.97066722e-01
-3.94524984e-01
-3.91928486e-01
-3.89277562e-01
-3.86572549e-01
-3.83813796e-01
-3.81001659e-01
-3.78136503e-01
-3.75218700e-01
-3.72248631e-01
-3.69226685e-01
-3.66153258e-01
-3.63028755e-01
-3.59853589e-01
-3.56628181e-01
-3.53352959e-01
-3.50028358e-01
-3.46654822e-01
-3.43232804e-01
-3.39762760e-01
-3.36245158e-01
-3.32680471e-01
-3.29069180e-01
-3.25411772e-01
-3.21708744e-01
-3.17960597e-01
-3.14167842e-01
-3.10330993e-01
-3.06450574e-01
-3.02527116e-01
-2.98561154e-01
-2.94553232e-01
-2.90503899e-01
-2.86413712e-01
-2.82283234e-01
-2.78113032e-01
-2.73903683e-01
-2.69655766e-01
-2.65369870e-01
-2.61046586e-01
-2.56686515e-01
-2.52290260e-01
-2.47858432e-01
-2.43391647e-01
-2.38890525e-01
-2.34355694e-01
-2.29787785e-01
-2.25187435e-01
-2.20555286e-01
-2.15891986e-01
-2.11198186e-01
-2.06474543e-01
-2.01721718e-01
-1.96940377e-01
-1.92131191e-01
-1.87294833e-01
-1.82431985e-01
-1.77543327e-01
-1.72629548e-01
-1.67691338e-01
-1.62729393e-01
-1.57744411e-01
-1.52737094e-01
-1.47708148e-01
-1.42658282e-01
-1.37588208e-01
-1.32498643e-01
-1.27390304e-01
-1.22263913e-01
-1.17120194e-01
-1.11959876e-01
-1.06783686e-01
-1.01592358e-01
-9.63866259e-02
-9.11672265e-02
-8.59348989e-02
-8.06903839e-02
-7.54344245e-02
-7.01677653e-02
-6.48911527e-02
-5.96053346e-02
-5.43110603e-02
-4.90090806e-02
-4.37001473e-02
-3.83850134e-02
-3.30644329e-02
-2.77391605e-02
-2.24099518e-02
-1.70775630e-02
-1.17427507e-02
-6.40627199e-03
-1.06888415e-03
4.26865539e-03
9.60558915e-03
1.49411598e-02
2.02746101e-02
2.56051832e-02
3.09321229e-02
3.62546732e-02
4.15720791e-02
4.68835863e-02
5.21884413e-02
5.74858919e-02
6.27751868e-02
6.80555762e-02
7.33263115e-02
7.85866458e-02
8.38358337e-02
8.90731316e-02
9.42977977e-02
9.95090923e-02
1.04706278e-01
1.09888618e-01
1.15055381e-01
1.20205836e-01
1.25339254e-01
1.30454909e-01
1.35552080e-01
1.40630047e-01
1.45688092e-01
1.50725502e-01
1.55741566e-01
1.60735578e-01
1.65706834e-01
1.70654634e-01
1.75578281e-01
1.80477083e-01
1.85350350e-01
1.90197400e-01
1.95017549e-01
1.99810123e-01
2.04574449e-01
2.09309860e-01
2.14015691e-01
2.18691286e-01
2.23335989e-01
2.27949152e-01
2.32530131e-01
2.37078286e-01
2.41592985e-01
2.46073597e-01
2.50519500e-01
2.54930076e-01
2.59304712e-01
2.63642801e-01
2.67943743e-01
2.72206942e-01
2.76431808e-01
2.80617758e-01
2.84764215e-01
2.88870607e-01
2.92936369e-01
2.96960943e-01
3.00943776e-01
3.04884323e-01
3.08782043e-01
3.12636405e-01
3.16446883e-01
3.20212958e-01
3.23934117e-01
3.27609856e-01
3.31239676e-01
3.34823087e-01
3.38359604e-01
3.41848752e-01
3.45290061e-01
3.48683069e-01
3.52027322e-01
3.55322374e-01
3.58567785e-01
3.61763125e-01
3.64907968e-01
3.68001901e-01
3.71044514e-01
3.74035407e-01
3.76974190e-01
3.79860477e-01
3.82693892e-01
3.85474069e-01
3.88200648e-01
3.90873277e-01
3.93491613e-01
3.96055322e-01
3.98564078e-01
4.01017563e-01
4.03415468e-01
4.05757492e-01
4.08043343e-01
4.10272738e-01
4.12445402e-01
4.14561069e-01
4.16619481e-01
4.18620391e-01
4.20563557e-01
4.22448751e-01
4.24275749e-01
4.26044338e-01
4.27754314e-01
4.29405482e-01
4.30997656e-01
4.32530658e-01
4.34004321e-01
4.35418484e-01
4.36772998e-01
4.38067722e-01
4.39302524e-01
4.40477282e-01
4.41591880e-01
4.42646215e-01
4.43640192e-01
4.44573723e-01
4.45446732e-01
4.46259152e-01
4.47010922e-01
4.47701994e-01
4.48332326e-01
4.48901889e-01
4.49410658e-01
4.49858623e-01
4.50245777e-01
4.50572128e-01
4.50837689e-01
4.51042485e-01
4.51186547e-01
4.51269917e-01
4.51292647e-01
4.51254796e-01
4.51156433e-01
4.50997637e-01
4.50778494e-01
4.50499101e-01
4.50159563e-01
4.49759993e-01
4.49300514e-01
4.48781259e-01
4.48202367e-01
4.47563989e-01
4.46866283e-01
4.46109416e-01
4.45293563e-01
4.44418909e-01
4.43485647e-01
4.42493980e-01
4.41444116e-01
4.40336276e-01
4.39170687e-01
4.37947584e-01
4.36667211e-01
4.35329822e-01
4.33935678e-01
4.32485046e-01
4.30978205e-01
4.29415441e-01
4.27797046e-01
4.26123324e-01
4.24394582e-01
4.22611139e-01
4.20773321e-01
4.18881460e-01
4.16935897e-01
4.14936982e-01
4.12885071e-01
4.10780528e-01
4.08623723e-01
4.06415037e-01
4.04154855e-01
4.01843570e-01
3.99481583e-01
3.97069303e-01
3.94607144e-01
3.92095528e-01
3.89534883e-01
3.86925647e-01
3.84268260e-01
3.81563173e-01
3.78810840e-01
3.76011725e-01
3.73166297e-01
3.70275029e-01
3.67338404e-01
3.64356909e-01
3.61331039e-01
3.58261292e-01
3.55148175e-01
3.51992199e-01
3.48793882e-01
3.45553746e-01
3.42272321e-01
3.38950140e-01
3.35587742e-01
3.32185673e-01
3.28744483e-01
3.25264727e-01
3.21746965e-01
3.18191763e-01
3.14599689e-01
3.10971320e-01
3.07307234e-01
3.03608015e-01
2.99874252e-01
2.96106537e-01
2.92305467e-01
2.88471644e-01
2.84605672e-01
2.80708161e-01
2.76779724e-01
2.72820976e-01
2.68832539e-01
2.64815036e-01
2.60769095e-01
2.56695345e-01
2.52594422e-01
2.48466961e-01
2.44313602e-01
2.40134989e-01
2.35931767e-01
2.31704584e-01
2.27454090e-01
2.23180940e-01
2.18885789e-01
2.14569294e-01
2.10232116e-01
2.05874916e-01
2.01498360e-01
1.97103112e-01
1.92689840e-01
1.88259213e-01
1.83811902e-01
1.79348578e-01
1.74869916e-01
1.70376588e-01
1.65869272e-01
1.61348643e-01
1.56815377e-01
1.52270155e-01
1.47713652e-01
1.43146550e-01
1.38569527e-01
1.33983263e-01
1.29388438e-01
1.24785731e-01
1.20175824e-01
1.15559394e-01
1.10937123e-01
1.06309689e-01
1.01677770e-01
9.70420446e-02
9.24031905e-02
8.77618840e-02
8.31188007e-02
7.84746152e-02
7.38300011e-02
6.91856304e-02
6.45421743e-02
5.99003022e-02
5.52606819e-02
5.06239799e-02
4.59908606e-02
4.13619868e-02
3.67380190e-02
3.21196161e-02
2.75074344e-02
2.29021282e-02
1.83043493e-02
1.37147471e-02
9.13396844e-03
4.56265743e-03
1.45545179e-06
-4.54899900e-03
-9.08807037e-03
-1.36151262e-02
-1.81295371e-02
-2.26306771e-02
-2.71179234e-02
-3.15906567e-02
-3.60482613e-02
-4.04901250e-02
-4.49156395e-02
-4.93242001e-02
-5.37152061e-02
-5.80880609e-02
-6.24421718e-02
-6.67769503e-02
-7.10918122e-02
-7.53861777e-02
-7.96594712e-02
-8.39111219e-02
-8.81405633e-02
-9.23472338e-02
-9.65305766e-02
-1.00690039e-01
-1.04825075e-01
-1.08935141e-01
-1.13019702e-01
-1.17078223e-01
-1.21110180e-01
-1.25115050e-01
-1.29092317e-01
-1.33041472e-01
-1.36962007e-01
-1.40853426e-01
-1.44715232e-01
-1.48546938e-01
-1.52348062e-01
-1.56118128e-01
-1.59856664e-01
-1.63563207e-01
-1.67237297e-01
-1.70878482e-01
-1.74486316e-01
-1.78060359e-01
-1.81600177e-01
-1.85105342e-01
-1.88575435e-01
-1.92010040e-01
-1.95408749e-01
-1.98771161e-01
-2.02096880e-01
-2.05385519e-01
-2.08636697e-01
-2.11850038e-01
-2.15025174e-01
-2.18161745e-01
-2.21259397e-01
-2.24317781e-01
-2.27336558e-01
-2.30315395e-01
-2.33253965e-01
-2.36151949e-01
-2.39009035e-01
-2.41824918e-01
-2.44599302e-01
-2.47331894e-01
-2.50022413e-01
-2.52670582e-01
-2.55276133e-01
-2.57838804e-01
-2.60358342e-01
-2.62834501e-01
-2.65267040e-01
-2.67655729e-01
-2.70000343e-01
-2.72300666e-01
-2.74556489e-01
-2.76767610e-01
-2.78933834e-01
-2.81054975e-01
-2.83130855e-01
-2.85161301e-01
-2.87146149e-01
-2.89085244e-01
-2.90978436e-01
-2.92825585e-01
-2.94626556e-01
-2.96381224e-01
-2.98089470e-01
-2.99751184e-01
-3.01366262e-01
-3.02934609e-01
-3.04456137e-01
-3.05930766e-01
-3.07358422e-01
-3.08739040e-01
-3.10072563e-01
-3.11358941e-01
-3.12598131e-01
-3.13790098e-01
-3.14934814e-01
-3.16032260e-01
-3.17082424e-01
-3.18085299e-01
-3.19040889e-01
-3.19949203e-01
-3.20810259e-01
-3.21624081e-01
-3.22390702e-01
-3.23110160e-01
-3.23782503e-01
-3.24407785e-01
-3.24986066e-01
-3.25517416e-01
-3.26001909e-01
-3.26439630e-01
-3.26830667e-01
-3.27175118e-01
-3.27473088e-01
-3.27724687e-01
-3.27930033e-01
-3.28089252e-01
-3.28202477e-01
-3.28269844e-01
-3.28291502e-01
-3.28267601e-01
-3.28198302e-01
-3.28083771e-01
-3.27924180e-01
-3.27719708e-01
-3.27470541e-01
-3.27176872e-01
-3.26838900e-01
-3.26456829e-01
-3.26030871e-01
-3.25561244e-01
-3.25048173e-01
-3.24491887e-01
-3.23892623e-01
-3.23250623e-01
-3.22566136e-01
-3.21839417e-01
-3.21070726e-01
-3.20260328e-01
-3.19408497e-01
-3.18515510e-01
-3.17581650e-01
-3.16607206e-01
-3.15592472e-01
-3.14537750e-01
-3.13443343e-01
-3.12309563e-01
-3.11136726e-01
-3.09925152e-01
-3.08675169e-01
-3.07387106e-01
-3.06061301e-01
-3.04698095e-01
-3.03297834e-01
-3.01860867e-01
-3.00387552e-01
-2.98878248e-01
-2.97333319e-01
-2.95753135e-01
-2.94138069e-01
-2.92488499e-01
-2.90804807e-01
-2.89087378e-01
-2.87336604e-01
-2.85552878e-01
-2.83736599e-01
-2.81888168e-01
-2.80007991e-01
-2.78096479e-01
-2.76154043e-01
-2.74181100e-01
-2.72178070e-01
-2.70145377e-01
-2.68083448e-01
-2.65992711e-01
-2.63873600e-01
-2.61726551e-01
-2.59552002e-01
-2.57350396e-01
-2.55122176e-01
-2.52867791e-01
-2.50587689e-01
-2.48282323e-01
-2.45952148e-01
-2.43597620e-01
-2.41219200e-01
-2.38817348e-01
-2.36392528e-01
-2.33945205e-01
-2.31475848e-01
-2.28984925e-01
-2.26472908e-01
-2.23940269e-01
-2.21387482e-01
-2.18815024e-01
-2.16223370e-01
-2.13613001e-01
-2.10984395e-01
-2.08338033e-01
-2.05674398e-01
-2.02993971e-01
-2.00297237e-01
-1.97584681e-01
-1.94856787e-01
-1.92114041e-01
-1.89356930e-01
-1.86585940e-01
-1.83801559e-01
-1.81004274e-01
-1.78194572e-01
-1.75372943e-01
-1.72539872e-01
-1.69695849e-01
-1.66841360e-01
-1.63976893e-01
-1.61102934e-01
-1.58219972e-01
-1.55328491e-01
-1.52428978e-01
-1.49521917e-01
-1.46607793e-01
-1.43687088e-01
-1.40760287e-01
-1.37827869e-01
-1.34890316e-01
-1.31948107e-01
-1.29001721e-01
-1.26051634e-01
-1.23098321e-01
-1.20142258e-01
-1.17183916e-01
-1.14223766e-01
-1.11262279e-01
-1.08299921e-01
-1.05337158e-01
-1.02374454e-01
-9.94122709e-02
-9.64510690e-02
-9.34913056e-02
-9.05334364e-02
-8.75779146e-02
-8.46251913e-02
-8.16757149e-02
-7.87299316e-02
-7.57882849e-02
-7.28512158e-02
-6.99191625e-02
-6.69925606e-02
-6.40718428e-02
-6.11574389e-02
-5.82497759e-02
-5.53492776e-02
-5.24563649e-02
-4.95714555e-02
-4.66949640e-02
-4.38273015e-02
-4.09688761e-02
-3.81200924e-02
-3.52813515e-02
-3.24530512e-02
-2.96355855e-02
-2.68293450e-02
-2.40347165e-02
-2.12520834e-02
-1.84818250e-02
-1.57243169e-02
-1.29799308e-02
-1.02490346e-02
-7.53199225e-03
-4.82916349e-03
-2.14090413e-03
5.32434119e-04
3.19050374e-03
5.83296139e-03
8.45946799e-03
1.10696887e-02
1.36632932e-02
1.62399552e-02
1.87993531e-02
2.13411696e-02
2.38650921e-02
2.63708122e-02
2.88580264e-02
3.13264356e-02
3.37757453e-02
3.62056658e-02
3.86159121e-02
4.10062038e-02
4.33762654e-02
4.57258261e-02
4.80546200e-02
5.03623860e-02
5.26488678e-02
5.49138141e-02
5.71569787e-02
5.93781199e-02
6.15770014e-02
6.37533917e-02
6.59070644e-02
6.80377979e-02
7.01453760e-02
7.22295874e-02
7.42902258e-02
7.63270901e-02
7.83399844e-02
8.03287178e-02
8.22931046e-02
8.42329643e-02
8.61481214e-02
8.80384057e-02
8.99036522e-02
9.17437011e-02
9.35583978e-02
9.53475927e-02
9.71111417e-02
9.88489057e-02
1.00560751e-01
1.02246549e-01
1.03906176e-01
1.05539515e-01
1.07146451e-01
1.08726878e-01
1.10280693e-01
1.11807799e-01
1.13308103e-01
1.14781518e-01
1.16227964e-01
1.17647363e-01
1.19039643e-01
1.20404739e-01
1.21742590e-01
1.23053139e-01
1.24336336e-01
1.25592135e-01
1.26820495e-01
1.28021380e-01
1.29194761e-01
1.30340612e-01
1.31458912e-01
1.32549645e-01
1.33612802e-01
1.34648377e-01
1.35656369e-01
1.36636783e-01
1.37589628e-01
1.38514917e-01
1.39412671e-01
1.40282912e-01
1.41125669e-01
1.41940976e-01
1.42728871e-01
1.43489396e-01
1.44222599e-01
1.44928531e-01
1.45607251e-01
1.46258818e-01
1.46883299e-01
1.47480763e-01
1.48051287e-01
1.48594948e-01
1.49111831e-01
1.49602023e-01
1.50065618e-01
1.50502711e-01
1.50913403e-01
1.51297799e-01
1.51656010e-01
1.51988147e-01
1.52294329e-01
1.52574677e-01
1.52829316e-01
1.53058376e-01
1.53261991e-01
1.53440297e-01
1.53593436e-01
1.53721552e-01
1.53824794e-01
1.53903315e-01
1.53957269e-01
1.53986818e-01
1.53992123e-01
1.53973351e-01
1.53930672e-01
1.53864260e-01
1.53774291e-01
1.53660945e-01
1.53524405e-01
1.53364858e-01
1.53182493e-01
1.52977504e-01
1.52750084e-01
1.52500434e-01
1.52228754e-01
1.51935249e-01
1.51620127e-01
1.51283596e-01
1.50925871e-01
1.50547166e-01
1.50147698e-01
1.49727690e-01
1.49287362e-01
1.48826942e-01
1.48346655e-01
1.47846734e-01
1.47327409e-01
1.46788915e-01
1.46231489e-01
1.45655370e-01
1.45060797e-01
1.44448015e-01
1.43817266e-01
1.43168799e-01
1.42502860e-01
1.41819701e-01
1.41119572e-01
1.40402726e-01
1.39669419e-01
1.38919907e-01
1.38154447e-01
1.37373298e-01
1.36576721e-01
1.35764977e-01
1.34938330e-01
1.34097043e-01
1.33241381e-01
1.32371610e-01
1.31487998e-01
1.30590812e-01
1.29680320e-01
1.28756794e-01
1.27820502e-01
1.26871717e-01
1.25910708e-01
1.24937749e-01
1.23953113e-01
1.22957071e-01
1.21949898e-01
1.20931868e-01
1.19903254e-01
1.18864331e-01
1.17815373e-01
1.16756654e-01
1.15688450e-01
1.14611034e-01
1.13524681e-01
1.12429665e-01
1.11326261e-01
1.10214742e-01
1.09095382e-01
1.07968454e-01
1.06834231e-01
1.05692985e-01
1.04544988e-01
1.03390512e-01
1.02229827e-01
1.01063203e-01
9.98909101e-02
9.87132157e-02
9.75303880e-02
9.63426938e-02
9.51503990e-02
9.39537686e-02
9.27530665e-02
9.15485555e-02
9.03404973e-02
8.91291526e-02
8.79147806e-02
8.66976394e-02
8.54779858e-02
8.42560753e-02
8.30321617e-02
8.18064978e-02
8.05793345e-02
7.93509215e-02
7.81215067e-02
7.68913364e-02
7.56606554e-02
7.44297066e-02
7.31987312e-02
7.19679689e-02
7.07376570e-02
6.95080315e-02
6.82793262e-02
6.70517731e-02
6.58256019e-02
6.46010408e-02
6.33783155e-02
6.21576498e-02
6.09392654e-02
5.97233819e-02
5.85102164e-02
5.72999841e-02
5.60928979e-02
5.48891681e-02
5.36890032e-02
5.24926089e-02
5.13001887e-02
5.01119437e-02
4.89280726e-02
4.77487714e-02
4.65742338e-02
4.54046511e-02
4.42402118e-02
4.30811020e-02
4.19275050e-02
4.07796017e-02
3.96375703e-02
3.85015863e-02
3.73718225e-02
3.62484490e-02
3.51316332e-02
3.40215398e-02
3.29183305e-02
3.18221646e-02
3.07331982e-02
2.96515849e-02
2.85774752e-02
2.75110170e-02
2.64523552e-02
2.54016319e-02
2.43589861e-02
2.33245541e-02
2.22984692e-02
2.12808620e-02
2.02718597e-02
1.92715870e-02
1.82801655e-02
1.72977137e-02
1.63243472e-02
1.53601788e-02
1.44053181e-02
1.34598719e-02
1.25239438e-02
1.15976345e-02
1.06810417e-02
9.77426025e-03
8.87738173e-03
7.99049489e-03
7.11368542e-03
6.24703603e-03
5.39062642e-03
4.54453328e-03
3.70883032e-03
2.88358825e-03
2.06887478e-03
1.26475465e-03
4.71289609e-04
-3.11461563e-04
-1.08344306e-03
-1.84460202e-03
-2.59488855e-03
-3.33425570e-03
-4.06265945e-03
-4.78005870e-03
-5.48641528e-03
-6.18169389e-03
-6.86586217e-03
-7.53889060e-03
-8.20075255e-03
-8.85142421e-03
-9.49088465e-03
-1.01191157e-02
-1.07361022e-02
-1.13418314e-02
-1.19362937e-02
-1.25194820e-02
-1.30913922e-02
-1.36520226e-02
-1.42013745e-02
-1.47394517e-02
-1.52662608e-02
-1.57818108e-02
-1.62861137e-02
-1.67791837e-02
-1.72610379e-02
-1.77316958e-02
-1.81911794e-02
-1.86395134e-02
-1.90767247e-02
-1.95028429e-02
-1.99178999e-02
-2.03219302e-02
-2.07149704e-02
-2.10970597e-02
-2.14682395e-02
-2.18285535e-02
-2.21780478e-02
-2.25167707e-02
-2.28447726e-02
-2.31621062e-02
-2.34688264e-02
-2.37649902e-02
-2.40506566e-02
-2.43258867e-02
-2.45907439e-02
-2.48452933e-02
-2.50896020e-02
-2.53237392e-02
-2.55477760e-02
-2.57617853e-02
-2.59658419e-02
-2.61600224e-02
-2.63444051e-02
-2.65190702e-02
-2.66840996e-02
-2.68395767e-02
-2.69855868e-02
-2.71222167e-02
-2.72495547e-02
-2.73676907e-02
-2.74767162e-02
-2.75767242e-02
-2.76678088e-02
-2.77500660e-02
-2.78235927e-02
-2.78884874e-02
-2.79448499e-02
-2.79927812e-02
-2.80323834e-02
-2.80637600e-02
-2.80870154e-02
-2.81022555e-02
-2.81095869e-02
-2.81091173e-02
-2.81009555e-02
-2.80852113e-02
-2.80619954e-02
-2.80314192e-02
-2.79935952e-02
-2.79486366e-02
-2.78966573e-02
-2.78377721e-02
-2.77720965e-02
-2.76997464e-02
-2.76208387e-02
-2.75354906e-02
-2.74438201e-02
-2.73459454e-02
-2.72419854e-02
-2.71320595e-02
-2.70162873e-02
-2.68947889e-02
-2.67676848e-02
-2.66350955e-02
-2.64971420e-02
-2.63539456e-02
-2.62056275e-02
-2.60523093e-02
-2.58941126e-02
-2.57311591e-02
-2.55635705e-02
-2.53914685e-02
-2.52149749e-02
-2.50342113e-02
-2.48492992e-02
-2.46603600e-02
-2.44675150e-02
-2.42708853e-02
-2.40705915e-02
-2.38667542e-02
-2.36594936e-02
-2.34489297e-02
-2.32351818e-02
-2.30183691e-02
-2.27986103e-02
-2.25760235e-02
-2.23507265e-02
-2.21228363e-02
-2.18924696e-02
-2.16597424e-02
-2.14247700e-02
-2.11876671e-02
-2.09485478e-02
-2.07075254e-02
-2.04647123e-02
-2.02202205e-02
-1.99741609e-02
-1.97266436e-02
-1.94777779e-02
-1.92276723e-02
-1.89764341e-02
-1.87241700e-02
-1.84709856e-02
-1.82169853e-02
-1.79622729e-02
-1.77069508e-02
-1.74511204e-02
-1.71948821e-02
-1.69383353e-02
-1.66815779e-02
-1.64247069e-02
-1.61678181e-02
-1.59110061e-02
-1.56543641e-02
-1.53979842e-02
-1.51419573e-02
-1.48863728e-02
-1.46313190e-02
-1.43768827e-02
-1.41231495e-02
-1.38702035e-02
-1.36181275e-02
-1.33670029e-02
-1.31169096e-02
-1.28679262e-02
-1.26201297e-02
-1.23735958e-02
-1.21283985e-02
-1.18846107e-02
-1.16423032e-02
-1.14015459e-02
-1.11624067e-02
-1.09249522e-02
-1.06892474e-02
-1.04553557e-02
-1.02233389e-02
-9.99325730e-03
-9.76516950e-03
-9.53913256e-03
-9.31520191e-03
-9.09343136e-03
-8.87387308e-03
-8.65657760e-03
-8.44159382e-03
-8.22896900e-03
-8.01874871e-03
-7.81097689e-03
-7.60569581e-03
-7.40294608e-03
-7.20276663e-03
-7.00519473e-03
-6.81026594e-03
-6.61801420e-03
-6.42847174e-03
-6.24166911e-03
-6.05763520e-03
-5.87639721e-03
-5.69798067e-03
-5.52240944e-03
-5.34970571e-03
-5.17988999e-03
-5.01298115e-03
-4.84899636e-03
-4.68795116e-03
-4.52985945e-03
-4.37473345e-03
-4.22258376e-03
-4.07341934e-03
-3.92724753e-03
-3.78407403e-03
-3.64390295e-03
-3.50673679e-03
-3.37257645e-03
-3.24142123e-03
-3.11326889e-03
-2.98811560e-03
-2.86595597e-03
-2.74678308e-03
-2.63058847e-03
-2.51736216e-03
-2.40709268e-03
-2.29976704e-03
-2.19537078e-03
-2.09388798e-03
-1.99530127e-03
-1.89959182e-03
-1.80673940e-03
-1.71672236e-03
-1.62951768e-03
-1.54510095e-03
-1.46344640e-03
-1.38452693e-03
-1.30831412e-03
-1.23477824e-03
-1.16388828e-03
-1.09561197e-03
-1.02991577e-03
-9.66764946e-04
-9.06123534e-04
-8.47954393e-04
-7.92219216e-04
-7.38878551e-04
-6.87891822e-04
-6.39217356e-04
-5.92812397e-04
-5.48633134e-04
-5.06634724e-04
-4.66771311e-04
-4.28996054e-04
-3.93261147e-04
-3.59517844e-04
-3.27716486e-04
-2.97806521e-04
-2.69736531e-04
-2.43454258e-04
-2.18906627e-04
-1.96039772e-04
-1.74799064e-04
-1.55129134e-04
-1.36973901e-04
-1.20276598e-04
-1.04979797e-04
-9.10254390e-05
-7.83548568e-05
-6.69088059e-05
-5.66274899e-05
-4.74505884e-05
-3.93172842e-05
-3.21662918e-05
-2.59358845e-05
-2.05639230e-05
-1.59878834e-05
-1.21448851e-05
-8.97171976e-06
-6.40487933e-06
-4.38058470e-06
-2.83481437e-06
-1.70333307e-06
-9.21720610e-07
-4.25400596e-07
-1.49669344e-07
-2.97247489e-08
-6.95215967e-10
