(1,-6.53467e-18)
(1,7.89419e-18)
(1,-4.55928e-18)
(1,6.33187e-19)
(1,9.59208e-18)
(1,-5.47845e-17)
(1,6.64303e-18)
(1,1.99611e-18)
(1,-4.60587e-17)
(1,-3.00325e-17)
(1,5.53186e-18)
(1,2.23292e-17)
(1,-2.97003e-17)
(1,-3.35518e-17)
(1,1.74974e-17)
(1,-2.08745e-17)
(1,3.44968e-17)
(1,-3.24201e-18)
(1,9.78548e-18)
(1,1.86116e-17)
(1,1.07138e-17)
(1,-3.00316e-17)
(1,3.04494e-17)
(1,5.14216e-18)
(1,-9.12366e-18)
(1,1.0048e-17)
(1,1.82609e-17)
(1,9.83952e-18)
(1,-1.31552e-17)
(1,-1.88161e-18)
(1,4.57794e-19)
(1,2.1664e-18)
(1,-1.23424e-17)
(1,-6.49313e-18)
(1,4.45887e-18)
(1,-2.50511e-17)
(1,4.63568e-17)
(1,-1.36633e-17)
(1,-9.95531e-17)
(1,-4.35889e-17)
(1,-1.55891e-17)
(1,2.03474e-17)
(1,-1.22549e-17)
(1,-4.30003e-17)
(1,1.56912e-17)
(1,-6.87205e-17)
(1,-5.08237e-17)
(1,2.78114e-18)
(1,-6.8337e-17)
(1,-8.98919e-18)
(1,2.22832e-17)
(1,-1.33629e-17)
(1,3.93634e-17)
(1,-2.13967e-17)
(1,4.10094e-17)
(1,-4.995e-17)
(1,-3.50153e-18)
(1,-3.46977e-17)
(1,-2.25191e-17)
(1,1.0165e-17)
(1,-1.69356e-17)
(1,-4.13768e-18)
(1,-1.27161e-18)
(1,4.46148e-21)
(1,1.42523e-17)
(1,-7.19267e-19)
(1,3.52074e-18)
(1,-2.56006e-17)
(1,-3.87168e-18)
(1,-4.2352e-17)
(1,3.82537e-17)
(1,2.93001e-17)
(1,1.63457e-17)
(1,3.04138e-17)
(1,-6.22176e-18)
(1,4.1754e-17)
(1,1.08912e-17)
(1,2.79553e-17)
(1,-8.07124e-17)
(1,-5.06945e-17)
(1,1.19228e-17)
(1,-8.06379e-18)
(1,-3.14715e-17)
(1,-2.69852e-17)
(1,-4.99124e-17)
(1,-8.38254e-18)
(1,-3.09367e-17)
(1,1.45016e-17)
(1,-1.23133e-17)
(1,-2.8375e-17)
(1,3.38481e-18)
(1,2.74321e-17)
(1,1.70846e-18)
(1,-2.00219e-18)
(1,-3.21165e-18)
(1,-1.18729e-17)
(1,4.06802e-18)
(1,1.78518e-18)
(1,-4.24562e-18)
(1,-2.88296e-19)
(1,-9.71821e-18)
(1,-4.45888e-17)
(1,2.43513e-17)
(1,-3.20537e-17)
(1,7.32359e-18)
(1,-8.47356e-17)
(1,1.56349e-17)
(1,-3.8434e-17)
(1,-2.29861e-17)
(1,-1.80304e-17)
(1,-5.83274e-17)
(1,4.62662e-17)
(1,3.64607e-17)
(1,7.81909e-17)
(1,-5.81211e-17)
(1,-2.77831e-17)
(1,-3.03659e-17)
(1,-6.26828e-17)
(1,1.67106e-17)
(1,3.75441e-17)
(1,-9.17201e-18)
(1,9.46813e-19)
(1,3.00776e-18)
(1,-1.56778e-17)
(1,2.22333e-18)
(1,-1.88068e-18)
(1,1.19895e-18)
(1,5.25006e-18)
(1,-8.65895e-18)
(1,3.05002e-18)
(1,6.63892e-18)
(1,-2.43464e-17)
(1,6.55534e-17)
(1,-2.05704e-17)
(1,8.39378e-18)
(1,7.32825e-18)
(1,2.59478e-17)
(1,3.50908e-17)
(1,6.14314e-17)
(1,-6.24204e-18)
(1,-2.20349e-17)
(1,-5.53277e-17)
(1,-4.88949e-17)
(1,2.99432e-17)
(1,-5.48239e-17)
(1,-8.33065e-18)
(1,9.67062e-18)
(1,1.24778e-17)
(1,-1.00823e-17)
(1,-3.38057e-17)
(1,2.47754e-17)
(1,2.92015e-17)
(1,7.05373e-18)
(1,9.87647e-18)
(1,6.17834e-18)
(1,5.86336e-18)
(1,-6.90182e-20)
(1,1.89893e-18)
(1,-9.37395e-18)
(1,-8.86724e-18)
(1,1.0616e-17)
(1,-2.45526e-17)
(1,-1.25924e-18)
(1,1.71369e-17)
(1,-4.30154e-17)
(1,4.81057e-17)
(1,2.88942e-17)
(1,4.90049e-17)
(1,-5.47627e-17)
(1,7.83053e-18)
(1,4.33803e-17)
(1,2.25399e-18)
(1,-6.19699e-17)
(1,-2.56145e-17)
(1,8.82051e-18)
(1,-1.94906e-17)
(1,3.67277e-17)
(1,8.31413e-18)
(1,-1.92111e-18)
(1,4.63264e-17)
(1,2.6354e-17)
(1,3.60094e-17)
(1,2.45704e-17)
(1,-2.27944e-17)
(1,2.23052e-17)
(1,2.15145e-17)
(1,6.71609e-19)
(1,3.77298e-18)
(1,3.83942e-18)
(1,8.93003e-18)
(1,-1.07964e-17)
(1,-6.99722e-18)
(1,-1.83957e-17)
(1,1.12049e-18)
(1,-1.95145e-17)
(1,3.29625e-17)
(1,-9.06043e-18)
(1,-1.75552e-18)
(1,-1.79734e-17)
(1,-3.37457e-17)
(1,-1.05587e-17)
(1,3.02352e-17)
(1,-2.22513e-17)
(1,3.52624e-17)
(1,-5.768e-17)
(1,-9.48105e-17)
(1,-2.52528e-17)
(1,3.79375e-17)
(1,1.41101e-17)
(1,1.07803e-17)
(1,1.65084e-17)
(1,2.66012e-18)
(1,7.44374e-18)
(1,-1.49778e-17)
(1,1.6108e-17)
(1,2.00514e-17)
(1,3.14306e-18)
(1,1.34747e-17)
(1,1.89581e-18)
(1,2.70209e-19)
(1,1.82484e-19)
(1,-1.25392e-17)
(1,1.26755e-17)
(1,6.51341e-18)
(1,7.3898e-18)
(1,-2.95757e-17)
(1,4.86892e-18)
(1,-3.77849e-18)
(1,5.74124e-17)
(1,-1.65607e-17)
(1,2.00225e-17)
(1,-2.35418e-17)
(1,-3.16958e-17)
(1,3.67361e-17)
(1,-5.29018e-17)
(1,-4.50084e-18)
(1,-1.27348e-16)
(1,2.69144e-17)
(1,2.87727e-17)
(1,1.23715e-18)
(1,-9.26455e-17)
(1,1.06048e-17)
(1,1.51356e-17)
(1,3.57998e-17)
(1,-2.91724e-17)
(1,2.25031e-17)
(1,-2.62767e-17)
(1,2.96437e-18)
(1,1.84357e-18)
(1,-5.37098e-18)
(1,5.14281e-19)
(1,-2.59217e-18)
(1,3.25421e-18)
(1,-1.59346e-17)
(1,-3.33569e-17)
(1,2.33194e-18)
(1,9.08228e-18)
(1,-6.2475e-18)
(1,-1.853e-17)
(1,-2.60795e-17)
(1,3.45245e-17)
(1,5.05178e-17)
(1,1.22222e-17)
(1,8.75429e-18)
(1,6.75712e-17)
(1,-1.35171e-16)
(1,9.0661e-17)
(1,7.78676e-17)
(1,-4.64487e-17)
(1,-3.98904e-17)
(1,-2.3992e-17)
(1,1.18776e-17)
(1,4.14217e-17)
(1,2.45072e-17)
(1,4.06473e-17)
(1,-4.81979e-17)
(1,-3.36939e-18)
(1,5.56885e-18)
(1,1.23618e-17)
(1,4.90426e-18)
(1,-1.24636e-17)
(1,1.99513e-18)
(1,1.06249e-18)
(1,2.46886e-18)
(1,-1.02492e-17)
(1,-1.4344e-18)
(1,3.51715e-17)
(1,2.99752e-17)
(1,-6.04653e-17)
(1,7.50079e-19)
(1,1.80481e-17)
(1,-3.077e-17)
(1,-7.18258e-17)
(1,-4.18271e-17)
(1,3.90332e-17)
(1,-5.37651e-18)
(1,-1.43861e-17)
(1,1.37489e-17)
(1,-9.5098e-17)
(1,-5.20299e-17)
(1,-4.92786e-19)
(1,2.75001e-17)
(1,-3.10211e-17)
(1,-5.48624e-17)
(1,8.40325e-18)
(1,9.13262e-18)
(1,-1.34376e-17)
(1,-1.28466e-17)
(1,3.70129e-17)
(1,-9.57046e-18)
(1,2.76794e-17)
(1,-7.09124e-18)
(1,1.23542e-17)
(1,-4.69733e-21)
(1,-2.31085e-18)
(1,-4.76884e-18)
(1,1.06017e-17)
(1,-4.73549e-17)
(1,1.42055e-17)
(1,1.57395e-17)
(1,-8.97382e-18)
(1,-1.91602e-17)
(1,2.19253e-17)
(1,7.06987e-18)
(1,5.05708e-18)
(1,5.8148e-17)
(1,-3.58029e-17)
(1,2.44334e-17)
(1,-4.40439e-17)
(1,-2.55562e-17)
(1,5.45026e-17)
(1,-5.20962e-17)
(1,2.48608e-17)
(1,1.63137e-18)
(1,-4.69279e-17)
(1,-7.15958e-18)
(1,2.72511e-17)
(1,-1.49069e-18)
(1,2.33712e-17)
(1,2.46554e-17)
(1,1.0159e-19)
(1,1.74795e-17)
(1,8.03717e-18)
(1,-1.33418e-17)
(1,-3.1333e-18)
(1,-1.65358e-18)
(1,5.38576e-18)
(1,-3.16789e-18)
(1,-1.33485e-17)
(1,-1.88576e-17)
(1,-2.51616e-17)
(1,2.52185e-17)
(1,-4.20359e-17)
(1,-2.8902e-17)
(1,4.41936e-17)
(1,-2.54144e-17)
(1,3.94234e-17)
(1,-3.99921e-17)
(1,7.2014e-17)
(1,-9.01226e-17)
(1,1.96506e-17)
(1,-3.36521e-18)
(1,6.27395e-17)
(1,-1.88456e-17)
(1,1.56125e-17)
(1,-3.93482e-18)
(1,5.69362e-17)
(1,3.34611e-17)
(1,-5.40666e-18)
(1,-2.99965e-17)
(1,-8.09653e-18)
(1,1.19223e-17)
(1,-7.14465e-19)
(1,-8.95248e-18)
(1,3.65524e-18)
(1,-1.5604e-18)
(1,2.89529e-18)
(1,6.77956e-18)
(1,3.64151e-17)
(1,2.44032e-17)
(1,-1.32451e-17)
(1,1.5472e-17)
(1,6.0937e-17)
(1,-3.58333e-17)
(1,4.44044e-17)
(1,3.71486e-17)
(1,4.02538e-17)
(1,1.09401e-17)
(1,6.59915e-18)
(1,8.79866e-17)
(1,8.86998e-18)
(1,6.82999e-17)
(1,-5.02218e-17)
(1,-4.02619e-17)
(1,7.56665e-18)
(1,4.2151e-17)
(1,4.76573e-17)
(1,4.52409e-17)
(1,-2.33363e-18)
(1,1.35118e-17)
(1,-2.25641e-17)
(1,7.73112e-18)
(1,4.4576e-17)
(1,-4.48933e-18)
(1,-1.93781e-17)
(1,2.77017e-18)
(1,-3.45902e-18)
(1,3.0753e-19)
(1,-2.21537e-18)
(1,-1.85326e-18)
(1,-2.60958e-17)
(1,4.62003e-17)
(1,2.07707e-17)
(1,-1.06789e-17)
(1,-4.19459e-17)
(1,1.90334e-17)
(1,5.89862e-17)
(1,-1.80167e-17)
(1,-3.27287e-17)
(1,1.97546e-17)
(1,1.03998e-17)
(1,-3.09255e-17)
(1,5.03235e-17)
(1,-1.40677e-17)
(1,3.5871e-17)
(1,5.61265e-17)
(1,3.59542e-17)
(1,-1.80134e-17)
(1,-3.50783e-17)
(1,-8.37881e-17)
(1,-1.92362e-17)
(1,4.73126e-17)
(1,-3.59478e-18)
(1,5.60908e-18)
(1,2.06753e-18)
(1,-1.11823e-17)
(1,7.94353e-18)
(1,1.88772e-19)
(1,2.47242e-18)
(1,1.80837e-17)
(1,-1.36409e-17)
(1,9.95109e-18)
(1,1.71481e-17)
(1,1.90931e-17)
(1,3.70645e-17)
(1,3.31692e-17)
(1,-3.34614e-17)
(1,-8.39254e-18)
(1,-6.60109e-18)
(1,5.24548e-17)
(1,1.30333e-17)
(1,-4.82675e-17)
(1,3.04479e-17)
(1,9.77136e-18)
(1,6.24274e-18)
(1,-7.40007e-17)
(1,9.89679e-18)
(1,-1.38464e-17)
(1,-4.09737e-17)
(1,9.10923e-18)
(1,-2.25973e-17)
(1,-3.91003e-17)
(1,-3.07569e-18)
(1,-1.15392e-17)
(1,1.21093e-17)
(1,-1.31853e-18)
(1,-4.21718e-18)
(1,3.25587e-18)
(1,-5.7606e-19)
(1,-6.44435e-18)
(1,-1.48769e-18)
(1,-5.88642e-18)
(1,3.55122e-17)
(1,-7.97002e-19)
(1,5.00563e-18)
(1,-6.21122e-18)
(1,-5.97438e-19)
(1,-2.61377e-17)
(1,-3.50138e-17)
(1,-7.37832e-17)
(1,-1.88907e-17)
(1,4.06882e-17)
(1,-7.91252e-17)
(1,-3.48586e-17)
(1,4.5931e-17)
(1,-2.54543e-17)
(1,5.30567e-17)
(1,-4.24397e-17)
(1,6.68225e-17)
(1,5.15172e-17)
(1,4.37445e-18)
(1,9.58162e-18)
(1,4.51519e-18)
(1,5.67719e-18)
(1,1.8503e-17)
(1,5.69221e-18)
(1,-1.04263e-17)
(1,-3.80506e-18)
(1,-6.30132e-18)
(1,1.03962e-18)
(1,9.09695e-19)
(1,-1.17173e-17)
(1,-1.34327e-17)
(1,2.18141e-18)
(1,-2.45577e-17)
(1,-1.29731e-17)
(1,-1.56751e-17)
(1,2.03627e-17)
(1,5.98249e-17)
(1,5.46669e-18)
(1,-4.55475e-17)
(1,-1.20861e-17)
(1,1.54568e-17)
(1,1.78739e-17)
(1,6.89787e-18)
(1,2.56839e-17)
(1,1.28262e-17)
(1,-1.15879e-17)
(1,1.49838e-17)
(1,2.88308e-17)
(1,2.66239e-17)
(1,7.34438e-18)
(1,1.43366e-17)
(1,1.75463e-17)
(1,4.92309e-18)
(1,4.30916e-17)
(1,-1.13127e-17)
(1,-1.1186e-18)
(1,-7.27426e-18)
(1,1.96576e-18)
(1,7.85965e-19)
(1,-5.09498e-18)
(1,-7.59503e-18)
(1,-5.9397e-18)
(1,-4.71123e-18)
(1,1.06023e-17)
(1,2.98777e-18)
(1,1.79627e-17)
(1,1.02582e-17)
(1,-2.66411e-17)
(1,-4.81896e-17)
(1,1.67428e-17)
(1,-9.24062e-18)
(1,-8.83829e-17)
(1,-3.69946e-17)
(1,7.97271e-17)
(1,-1.01297e-17)
(1,-4.51941e-17)
(1,-3.53487e-17)
(1,7.25351e-17)
(1,-1.61814e-17)
(1,-2.28118e-17)
(1,1.16218e-17)
(1,5.9241e-17)
(1,-2.72893e-17)
(1,-4.12386e-17)
(1,2.3242e-17)
(1,-1.18157e-17)
(1,-6.0433e-18)
(1,-1.07284e-17)
(1,4.33862e-18)
(1,8.62049e-19)
(1,-4.01296e-18)
(1,-5.89755e-18)
(1,-6.56486e-18)
(1,2.35408e-17)
(1,4.67658e-17)
(1,-5.32135e-18)
(1,4.24303e-17)
(1,3.72991e-17)
(1,1.6627e-17)
(1,-1.13341e-17)
(1,-1.74932e-17)
(1,-1.82859e-17)
(1,-3.5462e-17)
(1,4.30118e-17)
(1,-4.41581e-17)
(1,-2.21242e-17)
(1,1.33573e-17)
(1,7.61495e-18)
(1,-5.98993e-17)
(1,3.48821e-17)
(1,-2.43866e-17)
(1,4.32988e-17)
(1,1.51956e-17)
(1,6.39593e-18)
(1,7.1912e-17)
(1,4.99696e-17)
(1,1.55698e-17)
(1,4.72897e-18)
(1,-1.23616e-18)
(1,7.09086e-18)
(1,3.81363e-19)
(1,-4.38365e-19)
(1,-3.83926e-18)
(1,1.18536e-18)
(1,-3.37591e-18)
(1,1.28133e-17)
(1,-1.62348e-17)
(1,6.96151e-18)
(1,-3.41467e-17)
(1,-5.86013e-17)
(1,5.77944e-18)
(1,9.72196e-17)
(1,4.54783e-17)
(1,4.23478e-17)
(1,-7.93815e-17)
(1,-6.38877e-17)
(1,-4.89246e-17)
(1,4.26049e-17)
(1,1.29977e-17)
(1,5.63816e-17)
(1,3.63827e-17)
(1,-3.1073e-17)
(1,4.8662e-17)
(1,1.34913e-17)
(1,-3.95393e-17)
(1,1.64802e-17)
(1,1.3342e-17)
(1,2.06705e-17)
(1,-3.20457e-17)
(1,-1.1269e-17)
(1,2.97415e-19)
(1,1.81947e-18)
(1,3.239e-18)
(1,5.77267e-18)
(1,-3.39149e-17)
(1,3.32829e-18)
(1,3.48828e-17)
(1,3.42021e-18)
(1,6.28341e-17)
(1,-1.16955e-17)
(1,-3.88492e-17)
(1,-2.06127e-17)
(1,-5.77733e-18)
(1,6.85409e-17)
(1,1.38585e-17)
(1,-1.15484e-17)
(1,1.32174e-17)
(1,4.45962e-17)
(1,7.9092e-17)
(1,7.77371e-18)
(1,7.31601e-17)
(1,9.42908e-18)
(1,1.52071e-17)
(1,-1.25929e-17)
(1,-1.51596e-18)
(1,2.76035e-17)
(1,-1.93348e-17)
(1,-1.98686e-17)
(1,2.4956e-17)
(1,-1.8384e-17)
(1,-3.05655e-18)
(1,1.58742e-18)
(1,-6.12409e-18)
(1,3.58213e-18)
(1,1.33117e-18)
(1,7.22317e-18)
(1,-1.3847e-17)
(1,4.21748e-19)
(1,1.43098e-17)
(1,-1.60718e-17)
(1,2.23657e-17)
(1,4.40871e-17)
(1,-2.96025e-17)
(1,-2.2072e-17)
(1,-2.55157e-17)
(1,7.44208e-17)
(1,-4.33341e-17)
(1,4.2231e-17)
(1,3.23665e-17)
(1,1.13319e-17)
(1,-1.26365e-17)
(1,-4.66385e-17)
(1,2.84911e-18)
(1,-2.21591e-19)
(1,2.06444e-19)
(1,6.27285e-18)
(1,-5.01404e-18)
(1,-7.24337e-18)
(1,2.416e-18)
(1,2.36742e-18)
(1,-4.97931e-18)
(1,-1.25586e-18)
(1,2.46381e-17)
(1,1.99912e-17)
(1,8.39815e-19)
(1,-3.17038e-18)
(1,4.03878e-17)
(1,-2.3529e-17)
(1,-3.96098e-17)
(1,-5.19033e-17)
(1,-4.6577e-17)
(1,-1.14201e-16)
(1,7.99136e-17)
(1,-4.44658e-17)
(1,2.07215e-17)
(1,-2.73354e-18)
(1,4.86181e-17)
(1,-8.39372e-17)
(1,-6.50496e-18)
(1,6.22863e-18)
(1,-2.06833e-17)
(1,-7.77083e-18)
(1,6.48438e-18)
(1,-3.83258e-18)
(1,-1.14739e-17)
(1,-1.74993e-17)
(1,-9.74124e-19)
(1,7.59855e-20)
(1,2.96456e-19)
(1,2.93665e-18)
(1,1.07293e-17)
(1,1.21043e-17)
(1,-6.46887e-18)
(1,-6.56592e-18)
(1,2.10782e-17)
(1,1.37731e-17)
(1,-1.79499e-17)
(1,-4.29174e-17)
(1,-3.28296e-17)
(1,-2.60931e-18)
(1,-4.8265e-17)
(1,2.22831e-17)
(1,-4.30511e-18)
(1,2.17286e-18)
(1,-2.36931e-18)
(1,-2.92856e-17)
(1,-4.36e-17)
(1,-3.66892e-17)
(1,-4.29181e-17)
(1,1.36499e-17)
(1,-2.30232e-17)
(1,-1.02652e-17)
(1,-8.2584e-18)
(1,-1.83628e-17)
(1,4.2614e-18)
(1,1.1573e-19)
(1,3.34972e-19)
(1,5.97328e-18)
(1,-1.32244e-17)
(1,-7.36424e-18)
(1,-8.93385e-18)
(1,1.57885e-17)
(1,1.74032e-17)
(1,-4.1287e-17)
(1,-4.51981e-17)
(1,4.18304e-17)
(1,-3.42046e-17)
(1,4.32512e-17)
(1,-2.55426e-17)
(1,-1.41884e-17)
(1,-1.02073e-16)
(1,6.66708e-17)
(1,-6.33592e-18)
(1,3.34215e-17)
(1,2.10471e-17)
(1,7.26795e-18)
(1,2.01524e-17)
(1,-4.59528e-17)
(1,4.31142e-17)
(1,-1.20009e-17)
(1,1.83799e-17)
(1,7.35867e-19)
(1,-5.17302e-19)
(1,1.85964e-18)
(1,-6.91584e-18)
(1,1.94517e-19)
(1,3.56701e-18)
(1,-1.70659e-19)
(1,-2.91362e-17)
(1,-5.19662e-18)
(1,-3.89256e-17)
(1,-1.63335e-17)
(1,-3.09383e-17)
(1,-1.34037e-17)
(1,3.40369e-17)
(1,2.4713e-17)
(1,5.46708e-17)
(1,4.70405e-17)
(1,3.63266e-17)
(1,-2.89919e-17)
(1,4.67459e-18)
(1,-5.04929e-17)
(1,1.62125e-18)
(1,2.16297e-17)
(1,-2.15775e-18)
(1,1.23768e-17)
(1,2.04131e-17)
(1,-2.3311e-17)
(1,1.59746e-17)
(1,4.35484e-17)
(1,3.71387e-17)
(1,2.7123e-17)
(1,4.35067e-17)
(1,-1.67419e-17)
(1,1.81301e-18)
(1,-1.20125e-18)
(1,3.05505e-18)
(1,1.02872e-17)
(1,3.63962e-18)
(1,-6.68322e-18)
(1,3.21809e-17)
(1,-2.95589e-17)
(1,-2.97249e-17)
(1,4.93823e-17)
(1,5.31155e-18)
(1,1.60848e-17)
(1,-1.33938e-17)
(1,-5.37915e-18)
(1,2.76535e-17)
(1,5.4093e-17)
(1,-6.72518e-17)
(1,4.02713e-17)
(1,-1.01712e-16)
(1,-1.31682e-16)
(1,-8.25102e-17)
(1,-1.02867e-17)
(1,1.73811e-17)
(1,1.8618e-17)
(1,2.12916e-17)
(1,-5.55964e-17)
(1,-6.89015e-18)
(1,1.01479e-17)
(1,4.879e-19)
(1,5.21397e-18)
(1,-6.00251e-18)
(1,-1.08627e-17)
(1,-1.17132e-18)
(1,-5.26955e-19)
(1,-2.00408e-17)
(1,2.04492e-18)
(1,3.19531e-17)
(1,-9.84244e-19)
(1,-6.31372e-18)
(1,-6.80924e-18)
(1,6.83287e-18)
(1,3.84137e-17)
(1,-1.48998e-17)
(1,5.44435e-17)
(1,4.50268e-17)
(1,4.60298e-17)
(1,1.04728e-17)
(1,-9.98021e-18)
(1,-1.37493e-17)
(1,-3.01105e-17)
(1,2.20778e-17)
(1,1.48283e-17)
(1,-2.44495e-17)
(1,-8.05818e-18)
(1,1.91413e-19)
(1,-2.83557e-17)
(1,7.3718e-18)
(1,8.84368e-17)
(1,7.35273e-18)
(1,2.08659e-17)
(1,1.55911e-18)
(1,-1.49596e-17)
(1,-6.68648e-18)
(1,-7.86114e-19)
(1,8.9902e-19)
(1,1.0313e-17)
(1,-1.1662e-18)
(1,-7.94811e-18)
(1,-7.26838e-18)
(1,1.08475e-17)
(1,8.03058e-17)
(1,2.64371e-17)
(1,-3.78493e-17)
(1,-3.2675e-17)
(1,4.12789e-18)
(1,-1.61544e-17)
(1,-3.18701e-17)
(1,-2.74494e-17)
(1,2.20475e-17)
(1,-9.69962e-17)
(1,3.44894e-17)
(1,-1.62323e-17)
(1,1.43875e-17)
(1,2.00228e-17)
(1,3.56647e-17)
(1,1.77817e-17)
(1,-5.81308e-17)
(1,2.69793e-17)
(1,-4.07219e-17)
(1,1.01539e-17)
(1,4.93506e-18)
(1,-1.77619e-18)
(1,9.30605e-18)
(1,-3.68976e-19)
(1,-1.04083e-20)
(1,1.03085e-17)
(1,-1.76124e-17)
(1,1.87396e-17)
(1,8.6352e-18)
(1,-1.63259e-17)
(1,3.22348e-17)
(1,1.64911e-18)
(1,-1.70231e-17)
(1,3.20822e-17)
(1,-4.176e-17)
(1,1.75036e-17)
(1,-4.12066e-17)
(1,-1.77763e-17)
(1,4.45209e-18)
(1,-2.59085e-17)
(1,2.5025e-17)
(1,-5.79563e-17)
(1,-5.66207e-19)
(1,-3.79997e-17)
(1,-4.26449e-17)
(1,-3.30417e-17)
(1,1.81319e-17)
(1,-2.17305e-18)
(1,-5.13332e-18)
(1,-1.52245e-18)
(1,1.27528e-18)
(1,3.93901e-18)
(1,2.23695e-18)
(1,1.56524e-17)
(1,-8.9521e-18)
(1,-7.80583e-18)
(1,6.11786e-18)
(1,-7.01188e-18)
(1,-1.87142e-18)
(1,5.29686e-17)
(1,4.67103e-17)
(1,-4.40906e-17)
(1,1.78522e-17)
(1,4.96348e-17)
(1,-3.84074e-17)
(1,1.48624e-17)
(1,-5.47182e-18)
(1,6.96472e-19)
(1,-7.55208e-18)
(1,-3.91796e-17)
(1,-3.9278e-19)
(1,-2.11728e-18)
(1,-1.21411e-17)
(1,-4.57999e-18)
(1,1.99131e-17)
(1,-1.32912e-17)
(1,3.78051e-18)
(1,-8.06262e-18)
(1,-8.21576e-19)
(1,-4.72013e-19)
(1,1.3958e-17)
(1,7.92801e-18)
(1,-3.06042e-18)
(1,1.82051e-17)
(1,1.38118e-17)
(1,4.10685e-17)
(1,7.66907e-17)
(1,-8.86064e-18)
(1,1.35924e-18)
(1,2.76669e-17)
(1,-4.46308e-18)
(1,-1.90629e-17)
(1,1.01507e-17)
(1,1.86477e-17)
(1,-1.48122e-17)
(1,2.1896e-17)
(1,1.3717e-20)
(1,-2.46678e-17)
(1,-1.09661e-17)
(1,-3.89416e-17)
(1,-4.6855e-18)
(1,-7.52141e-18)
(1,-4.05765e-18)
(1,-2.07298e-18)
(1,-2.66182e-18)
(1,-2.00688e-18)
(1,-4.35748e-18)
(1,1.65104e-17)
(1,-5.21307e-18)
(1,-3.12125e-17)
(1,-1.15044e-17)
(1,2.74308e-17)
(1,-3.89598e-17)
(1,-2.42058e-17)
(1,-2.83192e-17)
(1,6.20908e-18)
(1,2.36647e-17)
(1,1.24775e-17)
(1,6.07254e-17)
(1,4.12883e-17)
(1,-1.30446e-17)
(1,-3.52319e-17)
(1,-7.08443e-17)
(1,4.41942e-17)
(1,1.42007e-17)
(1,-2.31778e-17)
(1,-6.41574e-18)
(1,-1.3335e-18)
(1,-5.96694e-18)
(1,-2.55453e-18)
(1,-4.50365e-18)
(1,3.78437e-19)
(1,-1.03088e-17)
(1,1.85274e-18)
(1,1.19011e-17)
(1,1.89408e-17)
(1,2.76178e-17)
(1,1.57093e-19)
(1,-4.65667e-17)
(1,-1.70251e-18)
(1,-3.81862e-17)
(1,9.33799e-17)
(1,3.2919e-18)
(1,-1.01534e-17)
(1,-4.26679e-17)
(1,-2.72713e-17)
(1,6.68915e-18)
(1,-8.63136e-18)
(1,-2.74322e-17)
(1,2.24518e-17)
(1,4.74121e-17)
(1,2.02187e-17)
(1,-6.44278e-18)
(1,-1.44061e-17)
(1,1.87692e-18)
(1,-3.599e-18)
(1,2.00882e-18)
(1,1.92467e-19)
(1,-6.39505e-19)
(1,-5.81994e-18)
(1,5.60392e-19)
(1,-2.9789e-17)
(1,-6.82065e-18)
(1,3.27226e-19)
(1,-2.91533e-17)
(1,-1.90635e-17)
(1,-3.44533e-17)
(1,2.32792e-17)
(1,-4.97237e-18)
(1,-3.01407e-17)
(1,-2.36339e-17)
(1,-2.73903e-17)
(1,-4.11662e-17)
(1,-1.55574e-17)
(1,-6.44969e-17)
(1,2.60917e-17)
(1,2.62102e-17)
(1,4.8702e-17)
(1,-3.87149e-17)
(1,-5.87749e-17)
(1,-4.44289e-18)
(1,2.62864e-18)
(1,2.33788e-17)
(1,2.42457e-17)
(1,1.90385e-17)
(1,-2.17115e-18)
(1,1.15363e-18)
(1,-4.01492e-18)
(1,5.659e-18)
(1,2.44934e-17)
(1,-1.85938e-17)
(1,-2.73505e-18)
(1,-1.07967e-17)
(1,3.5315e-17)
(1,-3.22968e-17)
(1,2.43736e-17)
(1,1.53222e-17)
(1,1.25966e-17)
(1,9.98629e-17)
(1,-2.41763e-17)
(1,5.51173e-17)
(1,-5.68435e-17)
(1,-5.55312e-17)
(1,5.40477e-17)
(1,-1.9412e-17)
(1,2.2832e-18)
(1,2.45493e-17)
(1,-2.6323e-17)
(1,1.0208e-18)
(1,4.43407e-17)
(1,2.20887e-18)
(1,-2.96302e-18)
(1,-1.51557e-19)
(1,3.27801e-19)
(1,2.38236e-18)
(1,-2.65416e-18)
(1,-2.29457e-18)
(1,4.4881e-19)
(1,5.24673e-18)
(1,2.22237e-18)
(1,9.04535e-18)
(1,-1.47961e-17)
(1,-1.845e-17)
(1,-6.31988e-18)
(1,-3.21761e-17)
(1,-6.97445e-17)
(1,4.64823e-18)
(1,6.87735e-17)
(1,-2.15641e-17)
(1,-1.56906e-17)
(1,5.82005e-17)
(1,-5.62389e-17)
(1,6.8191e-18)
(1,-5.48107e-17)
(1,1.12851e-16)
(1,-8.93766e-17)
(1,4.45683e-17)
(1,-9.70357e-18)
(1,-4.42919e-17)
(1,-2.41028e-17)
(1,-2.47133e-17)
(1,-1.502e-17)
(1,2.45364e-17)
(1,-1.36642e-17)
(1,3.87197e-18)
(1,-1.57717e-17)
(1,-3.72266e-18)
(1,2.14806e-18)
(1,2.2822e-18)
(1,-2.09189e-18)
(1,2.27033e-17)
(1,-1.56186e-17)
(1,-1.87769e-17)
(1,-2.61847e-17)
(1,-1.45355e-17)
(1,-3.66253e-17)
(1,-2.60243e-17)
(1,-9.09194e-18)
(1,-2.30305e-17)
(1,5.3877e-17)
(1,1.38797e-17)
(1,-4.43805e-17)
(1,-5.79369e-18)
(1,-6.64685e-20)
(1,3.52051e-17)
(1,-2.85582e-17)
(1,3.75997e-18)
(1,-1.51744e-17)
(1,-5.0866e-17)
(1,5.84888e-17)
(1,8.51391e-17)
(1,-4.8698e-17)
(1,7.98314e-18)
(1,-3.14721e-18)
(1,-6.64737e-18)
(1,3.97824e-19)
(1,4.52655e-18)
(1,-2.5911e-18)
(1,-3.94543e-18)
(1,-6.76985e-18)
(1,-1.1767e-17)
(1,2.4818e-18)
(1,-9.35346e-18)
(1,-5.92719e-18)
(1,-1.03019e-17)
(1,-1.43165e-17)
(1,-2.33472e-18)
(1,-1.70073e-17)
(1,-5.09836e-18)
(1,-3.5405e-17)
(1,6.8497e-18)
(1,-3.03135e-17)
(1,6.14938e-17)
(1,-1.63551e-17)
(1,7.69457e-18)
(1,9.19274e-18)
(1,-6.58056e-18)
(1,2.48243e-17)
(1,-6.75939e-18)
(1,1.73104e-17)
(1,6.4381e-18)
(1,1.9193e-17)
(1,1.86903e-17)
(1,-1.73501e-17)
(1,-1.44439e-17)
(1,-4.91041e-18)
(1,-3.10227e-18)
(1,-5.73984e-19)
(1,-1.01811e-17)
(1,-9.07583e-18)
(1,-1.85588e-17)
(1,2.56416e-17)
(1,-4.35771e-17)
(1,-2.20752e-17)
(1,2.15159e-17)
(1,2.48334e-17)
(1,2.75863e-17)
(1,-6.42543e-17)
(1,2.84524e-17)
(1,5.83504e-17)
(1,2.25542e-17)
(1,1.77725e-17)
(1,7.98986e-18)
(1,2.87198e-17)
(1,8.58633e-17)
(1,-3.10253e-17)
(1,-1.13779e-17)
(1,9.44574e-19)
(1,-9.9884e-18)
(1,5.66003e-19)
(1,1.63413e-17)
(1,-5.9238e-18)
(1,-3.73094e-18)
(1,-4.93e-19)
(1,1.27441e-18)
(1,-7.21897e-18)
(1,-8.1501e-18)
(1,-1.0106e-17)
(1,-7.49712e-18)
(1,-1.60307e-17)
(1,3.27009e-17)
(1,-3.43237e-17)
(1,1.59751e-17)
(1,-1.33252e-17)
(1,1.87637e-17)
(1,-5.40853e-17)
(1,4.33278e-17)
(1,-2.14701e-17)
(1,-5.39203e-19)
(1,-1.18931e-17)
(1,-4.30997e-17)
(1,3.05764e-17)
(1,1.80972e-17)
(1,-2.1571e-18)
(1,1.09216e-17)
(1,-4.87525e-17)
(1,-2.06145e-18)
(1,7.0766e-18)
(1,7.89969e-18)
(1,-1.15028e-17)
(1,8.29278e-19)
(1,-4.16072e-18)
(1,-4.56372e-20)
(1,3.83894e-18)
(1,2.02411e-18)
(1,1.93638e-17)
(1,5.47116e-18)
(1,2.36978e-17)
(1,6.86312e-18)
(1,-3.21987e-17)
(1,4.57103e-17)
(1,6.5982e-17)
(1,-9.91545e-18)
(1,1.03748e-16)
(1,8.80675e-18)
(1,2.3487e-17)
(1,-1.23855e-17)
(1,-3.97557e-17)
(1,2.01205e-18)
(1,-5.92526e-18)
(1,-1.35987e-17)
(1,4.58618e-18)
(1,-1.43241e-17)
(1,-1.66831e-17)
(1,-1.10193e-17)
(1,-7.58415e-18)
(1,-7.23022e-19)
(1,-2.75918e-18)
(1,3.94942e-19)
(1,1.05212e-17)
(1,1.81073e-17)
(1,3.66745e-18)
(1,2.04431e-17)
(1,-2.4525e-17)
(1,1.43444e-17)
(1,-6.20363e-17)
(1,4.87784e-17)
(1,2.23554e-17)
(1,-1.24858e-17)
(1,-9.36935e-18)
(1,3.43573e-17)
(1,-1.96734e-17)
(1,1.48588e-18)
(1,2.15655e-17)
(1,4.12012e-17)
(1,1.16459e-17)
(1,-2.82974e-17)
(1,-2.5609e-18)
(1,7.19226e-18)
(1,-3.70116e-18)
(1,1.34981e-17)
(1,1.00188e-19)
(1,-7.46673e-18)
(1,1.46868e-19)
(1,-3.42188e-20)
(1,-2.42807e-18)
(1,4.07708e-18)
(1,-1.20041e-17)
(1,5.93558e-19)
(1,-3.87786e-17)
(1,-2.87513e-17)
(1,-1.35152e-17)
(1,3.39305e-17)
(1,-1.29837e-18)
(1,1.3074e-18)
(1,7.88836e-17)
(1,1.05276e-17)
(1,2.71884e-17)
(1,7.23696e-17)
(1,1.4363e-17)
(1,-2.25713e-17)
(1,-4.35333e-18)
(1,-1.73675e-17)
(1,7.84347e-18)
(1,1.41331e-17)
(1,1.69666e-17)
(1,2.41248e-17)
(1,2.25255e-17)
(1,1.94774e-17)
(1,5.83426e-18)
(1,1.09405e-18)
(1,6.49621e-18)
(1,3.75903e-18)
(1,-1.12777e-17)
(1,1.44151e-17)
(1,8.62078e-18)
(1,-2.30135e-17)
(1,-2.00503e-18)
(1,-2.02043e-17)
(1,-3.02997e-17)
(1,4.18932e-18)
(1,-3.00177e-17)
(1,3.50284e-17)
(1,1.00095e-17)
(1,7.30471e-18)
(1,3.68095e-17)
(1,4.92704e-17)
(1,4.30389e-17)
(1,2.89368e-18)
(1,-3.2402e-17)
(1,5.67774e-17)
(1,-1.06345e-16)
(1,3.26965e-18)
(1,-1.16975e-18)
(1,1.75027e-17)
(1,-7.33393e-18)
(1,2.18377e-17)
(1,-2.66741e-18)
(1,-2.34205e-19)
(1,-1.0427e-18)
(1,1.45245e-18)
(1,1.08568e-17)
(1,-1.06901e-17)
(1,4.64989e-18)
(1,-2.90558e-17)
(1,2.21194e-17)
(1,9.95327e-18)
(1,-4.80058e-17)
(1,5.16136e-17)
(1,3.02203e-17)
(1,-3.30237e-18)
(1,6.14131e-17)
(1,-3.72575e-17)
(1,-6.20848e-17)
(1,2.24495e-18)
(1,-8.04184e-18)
(1,4.31827e-17)
(1,-2.77231e-17)
(1,9.05235e-18)
(1,4.95702e-17)
(1,4.73413e-17)
(1,-6.68929e-17)
(1,-6.37622e-17)
(1,2.86753e-17)
(1,-2.39149e-17)
(1,4.03727e-17)
(1,-4.61845e-19)
(1,1.49874e-17)
(1,-5.50264e-18)
(1,-3.71487e-18)
(1,1.73854e-19)
(1,-5.43562e-18)
(1,6.49399e-18)
(1,1.45789e-17)
(1,-9.40027e-18)
(1,-7.36506e-18)
(1,2.13154e-17)
(1,2.13659e-17)
(1,6.06871e-17)
(1,3.36081e-17)
(1,1.55291e-17)
(1,2.98624e-17)
(1,5.12667e-18)
(1,-6.09102e-17)
(1,-1.61994e-17)
(1,4.36537e-17)
(1,-1.5592e-17)
(1,-1.78226e-17)
(1,-3.35709e-17)
(1,-3.22156e-17)
(1,-1.84333e-17)
(1,2.86117e-17)
(1,-3.688e-17)
(1,-2.07856e-17)
(1,-2.75468e-17)
(1,3.43048e-18)
(1,-1.98309e-17)
(1,9.42769e-18)
(1,-1.94072e-17)
(1,-1.04117e-17)
(1,-7.77767e-18)
(1,7.51128e-18)
(1,8.90232e-19)
(1,1.74298e-18)
(1,6.41522e-18)
(1,2.20913e-17)
(1,1.85733e-18)
(1,5.18003e-18)
(1,5.71349e-17)
(1,3.00375e-17)
(1,3.32227e-17)
(1,8.75512e-17)
(1,-2.01257e-17)
(1,-2.86814e-17)
(1,-1.42791e-17)
(1,3.3378e-17)
(1,2.34673e-17)
(1,5.24722e-17)
(1,8.48663e-17)
(1,3.50331e-17)
(1,2.98738e-17)
(1,-3.75613e-17)
(1,-1.44739e-17)
(1,1.74955e-17)
(1,-3.50136e-17)
(1,-1.4576e-17)
(1,3.08907e-17)
(1,9.96047e-18)
(1,-5.98196e-18)
(1,9.0209e-18)
(1,5.92881e-18)
(1,-3.73774e-18)
(1,-4.49711e-18)
(1,2.52352e-18)
(1,-1.44398e-18)
(1,8.31511e-18)
(1,4.05136e-18)
(1,-2.71898e-17)
(1,-1.61292e-17)
(1,3.0004e-18)
(1,2.00154e-17)
(1,-1.56007e-17)
(1,6.64561e-17)
(1,1.65576e-17)
(1,-2.07095e-17)
(1,2.49282e-17)
(1,-7.19112e-17)
(1,-3.89783e-17)
(1,-1.60168e-17)
(1,1.18839e-17)
(1,-1.89121e-18)
(1,5.03275e-17)
(1,-2.6225e-17)
(1,3.27715e-17)
(1,4.19546e-17)
(1,-8.36212e-18)
(1,-6.95838e-19)
(1,2.38207e-17)
(1,1.22799e-17)
(1,7.03779e-18)
(1,-7.54643e-18)
(1,-1.80778e-18)
(1,-2.52733e-18)
(1,1.5844e-17)
(1,4.53904e-19)
(1,8.94933e-18)
(1,2.16574e-17)
(1,5.09321e-18)
(1,-1.54311e-17)
(1,4.15036e-18)
(1,7.10036e-18)
(1,-4.7714e-17)
(1,-1.72602e-17)
(1,2.25628e-19)
(1,-2.01901e-18)
(1,-7.87423e-18)
(1,2.2398e-17)
(1,3.38048e-17)
(1,1.50165e-17)
(1,2.85208e-17)
(1,-1.14916e-17)
(1,-2.31768e-17)
(1,3.73058e-17)
(1,2.56217e-17)
(1,4.53745e-18)
(1,-1.86887e-18)
(1,6.37763e-18)
(1,2.32902e-18)
(1,2.09196e-18)
(1,1.53006e-18)
(1,-2.67249e-18)
(1,3.76559e-18)
(1,-5.91864e-18)
(1,-6.3934e-18)
(1,-1.88664e-17)
(1,3.53445e-17)
(1,-2.08798e-17)
(1,1.21972e-17)
(1,7.82127e-17)
(1,-7.91002e-18)
(1,1.11342e-17)
(1,-1.70847e-17)
(1,2.81334e-17)
(1,-3.04851e-17)
(1,7.2408e-17)
(1,-2.96373e-17)
(1,1.74525e-17)
(1,3.96411e-17)
(1,5.93698e-17)
(1,1.44387e-17)
(1,-4.71414e-17)
(1,-2.9633e-17)
(1,1.20423e-17)
(1,-2.3315e-17)
(1,2.8386e-17)
(1,-1.38801e-17)
(1,6.68034e-18)
(1,-1.0564e-17)
(1,4.75185e-19)
(1,-2.99638e-18)
(1,-1.80503e-18)
(1,-1.46928e-17)
(1,-1.12168e-17)
(1,1.02881e-17)
(1,1.57599e-17)
(1,4.43955e-17)
(1,-1.31438e-17)
(1,1.85812e-17)
(1,-1.68377e-17)
(1,4.84156e-17)
(1,-6.70543e-17)
(1,-2.36799e-17)
(1,-2.59967e-17)
(1,-5.82043e-17)
(1,-4.85443e-17)
(1,-7.55079e-17)
(1,5.3009e-17)
(1,2.048e-17)
(1,-6.8691e-17)
(1,3.82558e-17)
(1,-9.32499e-18)
(1,-1.73091e-17)
(1,-2.27386e-17)
(1,-2.29262e-17)
(1,-9.47788e-18)
(1,2.72702e-18)
(1,-3.45801e-18)
(1,1.00543e-18)
(1,-7.37342e-19)
(1,-2.38736e-18)
(1,1.49103e-17)
(1,-3.64046e-17)
(1,8.23316e-18)
(1,1.68644e-17)
(1,-3.38119e-17)
(1,-2.63635e-17)
(1,-3.24075e-18)
(1,-2.21999e-17)
(1,3.91151e-17)
(1,1.10296e-17)
(1,3.72059e-17)
(1,1.40879e-17)
(1,5.11062e-17)
(1,2.92942e-17)
(1,-2.3019e-17)
(1,3.74533e-17)
(1,-3.92058e-17)
(1,-1.48803e-17)
(1,-2.15417e-17)
(1,-1.23125e-17)
(1,-2.22202e-17)
(1,3.37191e-17)
(1,-2.83489e-17)
(1,5.70265e-18)
(1,-6.44804e-18)
(1,5.92584e-18)
(1,-7.10237e-19)
(1,-1.43149e-19)
(1,1.71664e-17)
(1,-3.19501e-18)
(1,-1.88893e-17)
(1,2.69674e-17)
(1,2.83642e-17)
(1,-2.35924e-17)
(1,-9.11958e-18)
(1,-1.05066e-17)
(1,-1.06565e-17)
(1,1.92463e-17)
(1,1.73184e-17)
(1,-8.95339e-17)
(1,-2.07718e-17)
(1,2.20703e-17)
(1,6.16547e-17)
(1,-2.97427e-17)
(1,2.62174e-17)
(1,2.94073e-17)
(1,2.04974e-17)
(1,-3.95471e-17)
(1,-6.0224e-19)
(1,-1.18305e-17)
(1,3.03416e-17)
(1,-1.10995e-17)
(1,4.40483e-17)
(1,-2.94607e-17)
(1,-5.63362e-18)
(1,9.55623e-18)
(1,-2.00747e-19)
(1,-2.25904e-18)
(1,-1.16552e-17)
(1,6.57721e-18)
(1,2.43979e-17)
(1,1.70135e-17)
(1,-1.74599e-17)
(1,3.94251e-17)
(1,4.0107e-18)
(1,-2.20449e-17)
(1,3.38136e-18)
(1,1.78021e-17)
(1,4.57211e-17)
(1,1.628e-18)
(1,-2.75752e-17)
(1,-3.59066e-17)
(1,2.62419e-17)
(1,2.6352e-17)
(1,1.40239e-16)
(1,-2.73278e-17)
(1,-7.96211e-20)
(1,-1.38863e-17)
(1,-2.86602e-17)
(1,6.86554e-17)
(1,3.40499e-17)
(1,6.41441e-17)
(1,3.6729e-17)
(1,8.80025e-18)
(1,-3.05737e-18)
(1,1.30447e-17)
(1,6.80676e-18)
(1,-2.44369e-18)
(1,-4.99707e-18)
(1,-8.09425e-18)
(1,5.71493e-18)
(1,4.44946e-18)
(1,5.95888e-19)
(1,-1.34081e-17)
(1,-2.56592e-17)
(1,7.33234e-17)
(1,3.18235e-17)
(1,-1.31108e-17)
(1,-1.67378e-17)
(1,2.17696e-17)
(1,-1.45351e-18)
(1,1.39608e-16)
(1,4.25757e-17)
(1,2.28419e-17)
(1,-8.11174e-17)
(1,-2.13804e-17)
(1,-1.06159e-17)
(1,9.70789e-17)
(1,1.9566e-17)
(1,-7.4826e-17)
(1,5.32504e-17)
(1,3.08985e-17)
(1,-4.50435e-17)
(1,-5.37277e-17)
(1,4.71924e-18)
(1,-6.66191e-19)
(1,-1.18246e-18)
(1,7.66692e-18)
(1,-1.13884e-18)
(1,-2.35475e-19)
(1,-1.06769e-17)
(1,-9.22165e-18)
(1,-1.30189e-17)
(1,1.23963e-18)
(1,-6.14565e-18)
(1,-5.40915e-18)
(1,1.79499e-17)
(1,8.30219e-18)
(1,-2.13918e-18)
(1,1.72384e-17)
(1,7.32556e-18)
(1,5.66796e-17)
(1,1.21829e-17)
(1,-1.1371e-17)
(1,-3.99927e-18)
(1,-2.38588e-17)
(1,2.01865e-17)
(1,-8.73122e-18)
(1,9.27925e-19)
(1,-1.09394e-17)
(1,-5.7395e-18)
(1,-1.58793e-17)
(1,9.47152e-18)
(1,3.51303e-17)
(1,2.75286e-18)
(1,-3.95149e-17)
(1,2.85103e-17)
(1,-7.40137e-18)
(1,-9.12678e-18)
(1,5.17791e-18)
(1,-8.37716e-19)
(1,5.554e-18)
(1,6.76525e-18)
(1,4.40288e-18)
(1,1.55829e-17)
(1,1.59217e-17)
(1,-1.93623e-17)
(1,9.45966e-18)
(1,-3.70467e-17)
(1,-4.57601e-17)
(1,-1.95453e-17)
(1,-4.63581e-18)
(1,-1.80011e-17)
(1,1.34085e-17)
(1,7.53233e-17)
(1,8.91968e-17)
(1,9.51819e-17)
(1,-2.49739e-17)
(1,-2.04931e-17)
(1,7.97651e-17)
(1,-5.53231e-17)
(1,-4.5312e-17)
(1,6.06552e-17)
(1,1.12359e-17)
(1,-2.30393e-17)
(1,-3.26701e-18)
(1,1.17077e-17)
(1,-1.62884e-18)
(1,5.13133e-18)
(1,4.10557e-18)
(1,8.81761e-19)
(1,4.33681e-19)
(1,-3.32376e-18)
(1,-3.84807e-18)
(1,-2.23371e-17)
(1,-2.25904e-17)
(1,1.2027e-17)
(1,1.03338e-17)
(1,1.06726e-18)
(1,6.74103e-17)
(1,1.32696e-17)
(1,-2.05338e-17)
(1,-1.59335e-17)
(1,3.17434e-17)
(1,-3.55313e-17)
(1,3.70128e-17)
(1,-3.91804e-17)
(1,1.03773e-16)
(1,-1.38549e-17)
(1,4.8363e-17)
(1,-1.71016e-18)
(1,-3.55517e-17)
(1,7.21105e-17)
(1,3.77277e-17)
(1,-2.13215e-17)
(1,-1.4292e-17)
(1,-9.16151e-18)
(1,-2.15307e-17)
(1,7.41154e-18)
(1,2.18374e-17)
(1,3.56601e-19)
(1,9.80864e-19)
(1,3.07473e-19)
(1,-2.97901e-18)
(1,-1.16077e-17)
(1,1.13629e-17)
(1,1.00949e-17)
(1,7.18538e-18)
(1,2.05939e-17)
(1,-1.69627e-17)
(1,6.09466e-17)
(1,-5.0805e-18)
(1,6.73434e-17)
(1,3.287e-17)
(1,3.51197e-17)
(1,-3.21195e-17)
(1,-4.18392e-17)
(1,1.65985e-17)
(1,4.64665e-17)
(1,-7.6565e-17)
(1,-2.71271e-17)
(1,2.99392e-17)
(1,-1.45402e-17)
(1,-3.70408e-17)
(1,-9.32244e-18)
(1,3.30326e-17)
(1,2.11589e-17)
(1,1.20685e-17)
(1,-2.30207e-17)
(1,-1.6407e-17)
(1,7.66734e-18)
(1,1.07404e-18)
(1,1.86517e-18)
(1,-3.67612e-19)
(1,-4.52824e-18)
(1,-5.67004e-18)
(1,1.257e-17)
(1,2.12842e-17)
(1,1.9685e-18)
(1,-4.89636e-17)
(1,-1.21922e-17)
(1,-2.123e-17)
(1,4.32156e-17)
(1,3.23533e-17)
(1,-5.54298e-17)
(1,-4.76016e-17)
(1,3.9836e-17)
(1,7.30312e-18)
(1,-3.14198e-17)
(1,5.85639e-18)
(1,-7.09966e-17)
(1,-9.40207e-18)
(1,6.21841e-17)
(1,7.96516e-17)
(1,-2.33544e-17)
(1,1.35695e-18)
(1,-6.16962e-17)
(1,2.91193e-17)
(1,2.58362e-17)
(1,-1.06557e-18)
(1,-6.79998e-18)
(1,7.20994e-18)
(1,1.07743e-17)
(1,-7.30142e-19)
(1,2.03288e-19)
(1,-5.86824e-18)
(1,4.00816e-18)
(1,-9.28348e-19)
(1,1.60005e-17)
(1,-1.3046e-17)
(1,4.91279e-18)
(1,-8.59569e-18)
(1,-2.05998e-18)
(1,-4.35019e-17)
(1,3.0954e-17)
(1,-2.51772e-17)
(1,-1.29477e-17)
(1,7.30244e-17)
(1,1.72507e-17)
(1,3.50841e-17)
(1,1.6036e-17)
(1,-5.63955e-18)
(1,1.88007e-17)
(1,-8.74307e-18)
(1,-8.47033e-18)
(1,-1.58141e-17)
(1,2.87839e-17)
(1,3.02221e-18)
(1,2.38863e-19)
(1,3.73914e-17)
(1,-8.88199e-18)
(1,-2.43607e-18)
(1,-1.30545e-17)
(1,-1.06557e-17)
(1,-2.93073e-18)
(1,-3.1103e-18)
(1,1.87703e-18)
(1,6.82539e-18)
(1,-3.80657e-18)
(1,1.78622e-17)
(1,-3.05084e-17)
(1,-8.38901e-18)
(1,9.58333e-18)
(1,3.49147e-18)
(1,4.7959e-18)
(1,7.18843e-17)
(1,-1.8262e-17)
(1,4.02629e-17)
(1,5.25296e-17)
(1,-4.02849e-17)
(1,2.52162e-17)
(1,4.5279e-17)
(1,-8.63059e-17)
(1,3.61751e-17)
(1,-3.39406e-17)
(1,3.22584e-17)
(1,-9.32516e-17)
(1,2.78267e-17)
(1,-5.34308e-17)
(1,-2.3578e-17)
(1,1.7088e-17)
(1,-2.17806e-17)
(1,-1.22752e-17)
(1,3.112e-18)
(1,2.20229e-18)
(1,2.11589e-18)
(1,-2.69695e-18)
(1,-6.822e-18)
(1,7.41323e-18)
(1,9.25299e-18)
(1,7.68937e-18)
(1,-4.92448e-17)
(1,4.36357e-17)
(1,5.38205e-18)
(1,-2.93616e-17)
(1,-4.47115e-17)
(1,-4.21467e-17)
(1,4.26922e-17)
(1,-4.99157e-17)
(1,-3.84587e-17)
(1,-1.53584e-17)
(1,5.25533e-17)
(1,1.24311e-17)
(1,1.09936e-16)
(1,4.49182e-17)
(1,-5.80218e-17)
(1,-1.95665e-17)
(1,1.61106e-17)
(1,7.05629e-17)
(1,4.52028e-17)
(1,-2.9553e-17)
(1,-5.30412e-18)
(1,5.88688e-18)
(1,-8.55334e-18)
(1,-1.52839e-17)
(1,-1.35119e-17)
(1,3.84553e-18)
(1,1.19262e-18)
(1,6.28329e-18)
(1,-5.94956e-18)
(1,1.56362e-17)
(1,4.91957e-18)
(1,1.46401e-17)
(1,-1.28885e-17)
(1,-4.71289e-18)
(1,-3.31478e-17)
(1,8.01632e-18)
(1,-5.42101e-18)
(1,7.38393e-17)
(1,-1.48807e-17)
(1,2.47232e-17)
(1,1.3478e-17)
(1,-5.82894e-17)
(1,1.8755e-17)
(1,4.06322e-17)
(1,1.7227e-17)
(1,2.5599e-17)
(1,-2.8213e-17)
(1,4.95514e-17)
(1,-2.6568e-17)
(1,3.40592e-17)
(1,-2.16231e-17)
(1,-3.79301e-18)
(1,9.72394e-18)
(1,-3.31647e-17)
(1,-1.18551e-17)
(1,1.45012e-18)
(1,-8.46017e-18)
(1,-1.02491e-18)
(1,6.09694e-18)
(1,-2.32087e-19)
(1,9.99838e-18)
(1,1.27038e-17)
(1,2.96682e-17)
(1,2.65443e-17)
(1,-1.05032e-18)
(1,-3.59718e-17)
(1,8.96703e-17)
(1,-3.97038e-17)
(1,-3.31783e-17)
(1,-1.79639e-17)
(1,5.87688e-17)
(1,7.21265e-17)
(1,-3.22736e-17)
(1,-8.12813e-18)
(1,2.01729e-17)
(1,3.18874e-17)
(1,1.29765e-17)
(1,-5.26736e-17)
(1,5.53434e-17)
(1,3.86874e-17)
(1,3.50672e-17)
(1,8.09763e-18)
(1,3.5921e-17)
(1,2.09344e-17)
(1,1.20787e-17)
(1,8.54995e-18)
(1,-1.34644e-17)
(1,1.17433e-17)
(1,-6.72121e-18)
(1,-7.45389e-20)
(1,1.86601e-18)
(1,-1.86601e-18)
(1,1.2985e-18)
(1,-3.83587e-17)
(1,1.00356e-17)
(1,1.14781e-17)
(1,5.32496e-17)
(1,7.07552e-17)
(1,5.9726e-17)
(1,-1.25217e-17)
(1,2.48723e-17)
(1,2.02212e-17)
(1,-7.95618e-17)
(1,9.12085e-18)
(1,-6.50631e-17)
(1,-1.49501e-17)
(1,4.5329e-17)
(1,1.97452e-17)
(1,-3.15384e-17)
(1,3.27353e-17)
(1,-6.00055e-17)
(1,2.07523e-18)
(1,9.1538e-17)
(1,6.20037e-17)
(1,6.29684e-18)
(1,8.65668e-19)
(1,-2.52543e-17)
(1,-6.47218e-18)
(1,-5.28464e-18)
(1,5.83436e-18)
(1,1.77369e-18)
(1,7.86894e-18)
(1,9.31736e-19)
(1,4.18942e-18)
(1,-2.50722e-18)
(1,1.56362e-18)
(1,-3.31444e-18)
(1,2.04643e-17)
(1,4.56491e-17)
(1,4.46471e-17)
(1,9.13694e-18)
(1,1.99908e-17)
(1,4.48487e-17)
(1,-1.92768e-17)
(1,-3.03407e-17)
(1,-6.21663e-17)
(1,-7.05036e-17)
(1,4.35722e-17)
(1,-2.81054e-17)
(1,3.85231e-18)
(1,-3.63826e-17)
(1,-1.79537e-17)
(1,-5.1176e-17)
(1,5.4316e-17)
(1,1.60081e-17)
(1,-3.21957e-18)
(1,-2.07413e-17)
(1,3.83291e-17)
(1,-1.36101e-17)
(1,-7.708e-20)
(1,8.24332e-18)
(1,-2.52416e-18)
(1,1.56955e-18)
(1,3.72864e-18)
(1,2.9431e-17)
(1,-3.44065e-18)
(1,1.15484e-17)
(1,-8.00785e-18)
(1,4.32631e-17)
(1,1.39727e-17)
(1,4.47979e-17)
(1,-2.39134e-17)
(1,2.34188e-17)
(1,-2.26243e-17)
(1,1.11115e-16)
(1,3.46165e-17)
(1,-2.01424e-18)
(1,-6.85351e-17)
(1,1.96596e-17)
(1,-7.72663e-18)
(1,-5.33851e-17)
(1,-1.44165e-18)
(1,-2.0361e-17)
(1,-6.48353e-17)
(1,-3.29055e-17)
(1,3.47351e-17)
(1,-4.94159e-18)
(1,-4.5401e-19)
(1,-8.85488e-18)
(1,5.19739e-18)
(1,-9.85946e-18)
(1,-8.20436e-18)
(1,1.04541e-17)
(1,-4.76033e-19)
(1,-5.66157e-18)
(1,1.9746e-17)
(1,-9.76121e-18)
(1,3.06423e-17)
(1,-5.91229e-18)
(1,1.46943e-17)
(1,3.88958e-17)
(1,3.56618e-17)
(1,2.60293e-17)
(1,-9.52404e-18)
(1,9.30889e-18)
(1,1.23514e-17)
(1,3.81216e-17)
(1,4.49605e-18)
(1,-4.20467e-17)
(1,-1.85958e-17)
(1,1.48129e-17)
(1,4.84215e-17)
(1,9.22249e-18)
(1,9.93231e-18)
(1,-5.43151e-17)
(1,4.71374e-17)
(1,-1.84348e-17)
(1,-2.86738e-17)
(1,-4.48589e-18)
(1,1.05456e-17)
(1,7.59111e-18)
(1,1.39557e-17)
(1,6.90671e-18)
(1,-6.46456e-18)
(1,-3.68798e-18)
(1,-7.50471e-19)
(1,3.98953e-18)
(1,-1.16332e-17)
(1,4.85011e-18)
(1,9.76629e-19)
(1,6.93635e-18)
(1,-2.36237e-18)
(1,1.42268e-17)
(1,-5.8242e-17)
(1,6.34047e-17)
(1,2.49858e-17)
(1,-3.71509e-17)
(1,-3.21119e-17)
(1,5.61557e-17)
(1,1.67272e-17)
(1,5.59042e-18)
(1,-1.08784e-17)
(1,-2.4774e-17)
(1,6.51555e-17)
(1,3.6491e-17)
(1,5.67131e-17)
(1,-2.26691e-17)
(1,1.90498e-18)
(1,-2.99807e-17)
(1,-6.84318e-18)
(1,3.68239e-17)
(1,1.01475e-17)
(1,-1.63283e-17)
(1,4.50198e-18)
(1,-1.00136e-17)
(1,-1.78639e-18)
(1,3.13402e-20)
(1,-1.02745e-18)
(1,-1.99095e-17)
(1,-2.01518e-17)
(1,-3.45716e-17)
(1,-9.16405e-18)
(1,1.74912e-18)
(1,-2.09929e-17)
(1,2.2083e-17)
(1,-4.86815e-17)
(1,2.64359e-18)
(1,-2.49553e-17)
(1,-3.39457e-17)
(1,-2.60175e-17)
(1,-5.83521e-18)
(1,9.87175e-17)
(1,-4.89009e-17)
(1,6.15912e-17)
(1,2.27996e-17)
(1,1.79486e-17)
(1,3.36069e-17)
(1,2.1579e-17)
(1,-3.35349e-17)
(1,-3.46868e-17)
(1,-9.46475e-18)
(1,1.27927e-17)
(1,1.46672e-17)
(1,8.44492e-19)
(1,5.67851e-18)
(1,1.51475e-17)
(1,-8.40468e-18)
(1,-1.06726e-19)
(1,6.4798e-18)
(1,3.27675e-18)
(1,-1.60043e-17)
(1,-2.34251e-17)
(1,-2.99282e-17)
(1,8.01844e-18)
(1,6.78512e-17)
(1,2.86077e-17)
(1,1.66306e-17)
(1,-7.314e-17)
(1,-2.73007e-17)
(1,-2.1172e-17)
(1,-2.79135e-17)
(1,-1.73134e-18)
(1,2.25628e-17)
(1,-3.65368e-18)
(1,-3.63411e-17)
(1,5.39708e-17)
(1,-1.4635e-17)
(1,5.38844e-17)
(1,7.34462e-18)
(1,3.65706e-18)
(1,-1.97922e-17)
(1,6.47853e-18)
(1,-1.68818e-17)
(1,-1.08585e-17)
(1,1.23218e-17)
(1,-1.10157e-18)
(1,-3.1408e-18)
(1,5.63955e-18)
(1,2.72321e-18)
(1,1.20893e-18)
(1,1.20999e-17)
(1,1.28209e-17)
(1,-7.87127e-18)
(1,1.94691e-18)
(1,-2.36473e-17)
(1,-6.64e-17)
(1,2.92089e-17)
(1,-5.52189e-17)
(1,1.63259e-17)
(1,1.39566e-17)
