(n, l, m)








(3, 2, -2): 1.09211331e-06	-8.67479963e-04	-5.82745074e-04


(2, 1, -1): 1.77085525e-01	3.45515404e-01	2.40217882e-01
(3, 1, -1): 1.76800798e-02	-3.07642753e-02	-1.29358568e-01

(3, 2, -1): 0.00000000e+00	0.00000000e+00	0.00000000e+00


(1, 0, 0): 5.88861373e-01	-5.15793921e-01	5.68170753e-01
(2, 0, 0): 1.60632274e-07	-2.79130937e-04	-2.87607709e-04
(3, 0, 0): 2.26573862e-07	-4.42961263e-04	-1.74238864e-04

(2, 1, 0): 0.00000000e+00	0.00000000e+00	0.00000000e+00
(3, 1, 0): 0.00000000e+00	0.00000000e+00	0.00000000e+00

(3, 2, 0): 7.28075538e-07	7.08294424e-04	4.75809360e-04


(2, 1, 1): 1.77085525e-01	-3.45515404e-01	-2.40217882e-01
(3, 1, 1): 1.76800798e-02	3.07642753e-02	1.29358568e-01

(3, 2, 1): 0.00000000e+00	0.00000000e+00	0.00000000e+00


(3, 2, 2): 1.09211331e-06	-8.67479963e-04	-5.82745074e-04










