(n, l, m)
(3, 2, -2): 3.37053813e-03	1.84872928e-03	5.80268932e-02


(2, 1, -1): 1.01115991e-02	-2.61206873e-02	9.71046283e-02
(3, 1, -1): 3.21962998e-04	-1.76125037e-02	3.42968093e-03

(3, 2, -1): 0.00000000e+00	0.00000000e+00	0.00000000e+00


(1, 0, 0): 9.34670466e-01	-9.32147402e-01	2.56459911e-01
(2, 0, 0): 3.96817986e-03	-6.08519693e-02	-1.62855054e-02
(3, 0, 0): 5.30486719e-04	5.50617388e-03	2.23644532e-02

(2, 1, 0): 0.00000000e+00	0.00000000e+00	0.00000000e+00
(3, 1, 0): 0.00000000e+00	0.00000000e+00	0.00000000e+00

(3, 2, 0): 2.24702542e-03	1.50948114e-03	4.73787599e-02


(2, 1, 1): 1.01115991e-02	-2.61206873e-02	9.71046283e-02
(3, 1, 1): 3.21962998e-04	-1.76125037e-02	3.42968093e-03

(3, 2, 1): 0.00000000e+00	0.00000000e+00	0.00000000e+00


(3, 2, 2): 3.37053813e-03	1.84872928e-03	5.80268932e-02


