(1,-6.53467e-18)
(1,7.89335e-18)
(1,7.84377e-18)
(1,-1.91952e-17)
(1,6.78936e-18)
(1,-8.44754e-18)
(1,2.61155e-17)
(1,-4.70167e-17)
(1,1.98436e-22)
(1,1.52972e-17)
(1,4.10128e-17)
(1,4.10217e-17)
(1,-6.42787e-17)
(1,-4.27538e-17)
(1,-4.123e-17)
(1,8.16083e-18)
(1,8.0767e-17)
(1,-2.66917e-17)
(1,-2.36574e-17)
(1,3.19659e-17)
(1,4.20635e-17)
(1,-1.84469e-17)
(1,4.32885e-18)
(1,-2.70726e-17)
(1,-1.94058e-17)
(1,-8.66244e-18)
(1,5.65032e-17)
(1,-8.79105e-18)
(1,-1.50484e-17)
(1,-8.68242e-18)
(1,1.76642e-18)
(1,2.58478e-18)
(1,4.90083e-18)
(1,-1.41016e-17)
(1,1.63616e-17)
(1,-3.83715e-18)
(1,-1.53781e-17)
(1,-6.32289e-17)
(1,-8.04577e-19)
(1,3.15093e-17)
(1,-3.35565e-17)
(1,3.11017e-17)
(1,-2.02032e-17)
(1,8.8038e-17)
(1,-6.95262e-17)
(1,-1.02813e-17)
(1,2.4122e-17)
(1,-2.25337e-17)
(1,4.53145e-17)
(1,7.75754e-17)
(1,-3.91497e-18)
(1,-3.5092e-17)
(1,-2.08912e-17)
(1,-2.91397e-17)
(1,3.21496e-19)
(1,-2.23931e-17)
(1,3.87654e-18)
(1,5.68991e-18)
(1,2.54611e-17)
(1,1.15633e-17)
(1,-1.1801e-17)
(1,-4.53501e-18)
(1,-2.07205e-19)
(1,2.30052e-18)
(1,1.56531e-17)
(1,1.85549e-18)
(1,1.45546e-17)
(1,-2.36825e-17)
(1,2.27554e-17)
(1,-7.15086e-18)
(1,-2.06555e-17)
(1,2.49815e-17)
(1,1.32488e-17)
(1,-1.48135e-17)
(1,-3.66951e-17)
(1,-2.13338e-17)
(1,2.6749e-17)
(1,-4.87599e-17)
(1,-1.92704e-17)
(1,1.65435e-17)
(1,3.30547e-17)
(1,4.35924e-17)
(1,-3.23127e-19)
(1,4.68853e-17)
(1,2.51252e-17)
(1,6.7138e-18)
(1,1.30611e-17)
(1,-2.26375e-17)
(1,-1.8455e-17)
(1,-3.6831e-18)
(1,3.65757e-18)
(1,1.24297e-17)
(1,-2.82407e-18)
(1,7.59846e-19)
(1,-2.03515e-18)
(1,-4.69111e-18)
(1,-5.82225e-18)
(1,-1.75565e-17)
(1,3.08221e-17)
(1,-8.78038e-18)
(1,-4.22434e-17)
(1,1.24131e-17)
(1,1.51791e-17)
(1,-1.71909e-17)
(1,-1.82657e-17)
(1,-9.13614e-17)
(1,-3.09792e-18)
(1,1.8014e-17)
(1,4.00864e-17)
(1,-3.01892e-17)
(1,3.46551e-17)
(1,-5.58082e-17)
(1,-3.63841e-17)
(1,-6.30494e-17)
(1,5.62495e-17)
(1,-5.0217e-18)
(1,2.53977e-17)
(1,-9.89001e-18)
(1,-2.61353e-18)
(1,1.53719e-17)
(1,2.63537e-17)
(1,3.9623e-18)
(1,-1.5842e-18)
(1,-2.93788e-18)
(1,3.84075e-18)
(1,2.95291e-19)
(1,2.69427e-18)
(1,1.07538e-17)
(1,2.51405e-17)
(1,4.64536e-17)
(1,1.94542e-17)
(1,-2.4768e-17)
(1,-2.73282e-17)
(1,-2.71042e-17)
(1,1.43018e-17)
(1,3.88805e-17)
(1,-2.60728e-17)
(1,-4.5028e-17)
(1,-1.21556e-17)
(1,-1.49907e-16)
(1,7.16543e-17)
(1,2.31117e-17)
(1,-1.50146e-17)
(1,6.11114e-17)
(1,-9.05541e-18)
(1,1.46536e-18)
(1,-4.32328e-17)
(1,4.40243e-18)
(1,7.27629e-17)
(1,2.61371e-17)
(1,-5.59062e-17)
(1,3.12808e-19)
(1,-7.94456e-18)
(1,-5.46287e-18)
(1,6.96842e-18)
(1,-6.07216e-18)
(1,-2.00035e-19)
(1,4.68735e-18)
(1,-6.79284e-18)
(1,-2.25083e-17)
(1,-3.4147e-17)
(1,1.70012e-17)
(1,-1.39e-17)
(1,5.14202e-18)
(1,-1.78984e-17)
(1,-4.58123e-17)
(1,-3.26474e-18)
(1,2.18325e-17)
(1,-5.87099e-17)
(1,4.91559e-17)
(1,-5.30297e-17)
(1,2.02671e-17)
(1,-4.07127e-17)
(1,-2.4215e-17)
(1,-9.13583e-18)
(1,-3.9964e-17)
(1,-9.41457e-17)
(1,-2.34317e-18)
(1,-3.89692e-17)
(1,-1.72024e-17)
(1,4.29597e-17)
(1,-1.37661e-17)
(1,2.19795e-17)
(1,1.8554e-18)
(1,8.04125e-20)
(1,-9.95708e-18)
(1,-5.52043e-18)
(1,1.00195e-18)
(1,5.17156e-18)
(1,-2.15886e-18)
(1,-1.84329e-17)
(1,-2.03748e-18)
(1,-2.04915e-17)
(1,2.04349e-17)
(1,1.10535e-17)
(1,-1.23814e-17)
(1,7.43125e-18)
(1,-8.67795e-17)
(1,-2.69993e-18)
(1,7.73178e-18)
(1,2.46391e-17)
(1,6.28047e-17)
(1,6.16671e-17)
(1,1.79567e-17)
(1,9.62138e-19)
(1,2.5566e-17)
(1,-4.35383e-18)
(1,1.33134e-17)
(1,-6.59962e-17)
(1,-1.76588e-17)
(1,5.05765e-18)
(1,1.10893e-17)
(1,1.40902e-17)
(1,5.04514e-18)
(1,1.2879e-17)
(1,-2.923e-18)
(1,4.26774e-18)
(1,-7.8492e-19)
(1,-3.09905e-19)
(1,-4.54941e-18)
(1,4.7609e-18)
(1,-2.64486e-17)
(1,-3.07917e-18)
(1,1.153e-17)
(1,5.02187e-18)
(1,2.15226e-17)
(1,-5.1243e-17)
(1,1.90955e-17)
(1,-2.43969e-17)
(1,4.88358e-18)
(1,-5.24361e-17)
(1,-4.76161e-17)
(1,-3.31199e-17)
(1,-1.7454e-17)
(1,-1.52604e-17)
(1,5.07889e-17)
(1,-5.47404e-17)
(1,-1.28768e-17)
(1,-4.40983e-18)
(1,-3.09743e-17)
(1,2.38754e-17)
(1,-1.55233e-17)
(1,2.46832e-17)
(1,3.01946e-18)
(1,-2.91115e-18)
(1,-1.34021e-17)
(1,-8.05996e-18)
(1,-8.66373e-19)
(1,1.30237e-18)
(1,8.02896e-19)
(1,-7.11377e-18)
(1,-2.07568e-17)
(1,8.98482e-18)
(1,-1.32403e-18)
(1,-5.2412e-18)
(1,-3.79107e-17)
(1,2.44186e-17)
(1,-9.18781e-18)
(1,8.97104e-18)
(1,2.00653e-17)
(1,-5.89594e-18)
(1,-6.00575e-17)
(1,-9.03794e-17)
(1,-6.90224e-17)
(1,-3.30673e-17)
(1,6.44242e-17)
(1,3.03789e-17)
(1,-3.63511e-17)
(1,-1.28439e-17)
(1,-9.16709e-18)
(1,8.21394e-17)
(1,-5.18525e-17)
(1,-1.66839e-17)
(1,4.67452e-17)
(1,2.76639e-17)
(1,3.23897e-19)
(1,-1.19853e-18)
(1,-2.67299e-18)
(1,1.34678e-18)
(1,7.01589e-19)
(1,-1.19428e-18)
(1,-1.90897e-17)
(1,-4.2626e-18)
(1,1.90083e-17)
(1,-1.47206e-17)
(1,-6.28082e-17)
(1,5.08926e-17)
(1,-6.95927e-17)
(1,-4.69273e-17)
(1,-3.58206e-17)
(1,-8.6849e-17)
(1,2.38677e-17)
(1,1.77165e-17)
(1,2.91389e-17)
(1,2.16081e-17)
(1,-4.28673e-18)
(1,-5.00602e-17)
(1,-2.67297e-17)
(1,-7.0199e-17)
(1,-9.89805e-18)
(1,1.11018e-17)
(1,-4.80087e-18)
(1,4.79734e-18)
(1,2.38521e-17)
(1,3.77136e-17)
(1,-1.74603e-17)
(1,-1.12733e-17)
(1,7.14337e-18)
(1,1.20413e-17)
(1,8.70436e-18)
(1,-1.10304e-17)
(1,-1.77024e-18)
(1,7.80956e-18)
(1,-2.09012e-17)
(1,2.3354e-17)
(1,-7.34571e-18)
(1,-3.8175e-19)
(1,4.87725e-18)
(1,-2.19381e-17)
(1,5.13265e-18)
(1,3.34158e-17)
(1,-9.0725e-18)
(1,-9.89559e-17)
(1,3.96718e-18)
(1,-6.36995e-17)
(1,-5.02501e-18)
(1,3.3431e-18)
(1,4.35396e-17)
(1,2.71717e-17)
(1,1.89086e-17)
(1,7.11608e-18)
(1,-4.70607e-18)
(1,-1.57914e-17)
(1,-6.68002e-18)
(1,-2.15571e-17)
(1,2.99369e-18)
(1,-1.83426e-18)
(1,6.89483e-18)
(1,4.49742e-18)
(1,-4.407e-18)
(1,-4.29667e-18)
(1,-8.03564e-18)
(1,-1.57903e-17)
(1,1.34451e-17)
(1,1.43912e-17)
(1,2.17893e-17)
(1,-2.25076e-17)
(1,2.49247e-17)
(1,-1.27167e-17)
(1,-5.27071e-17)
(1,1.81314e-17)
(1,-4.78713e-17)
(1,-1.90812e-17)
(1,3.29797e-17)
(1,-3.20176e-17)
(1,-7.53631e-18)
(1,4.42318e-17)
(1,2.71313e-17)
(1,4.0479e-18)
(1,5.3625e-17)
(1,1.74065e-18)
(1,-3.71866e-17)
(1,-1.25606e-17)
(1,3.71597e-17)
(1,-2.14701e-17)
(1,-1.18792e-17)
(1,-7.70285e-18)
(1,-3.87466e-18)
(1,-5.27922e-18)
(1,5.17161e-18)
(1,5.07718e-18)
(1,3.99968e-19)
(1,3.03464e-17)
(1,-8.60548e-18)
(1,-1.83099e-17)
(1,1.29125e-17)
(1,-5.0988e-18)
(1,3.28465e-17)
(1,-4.14084e-18)
(1,4.64612e-17)
(1,5.72063e-17)
(1,2.08503e-17)
(1,1.10102e-17)
(1,-2.68306e-17)
(1,9.75154e-18)
(1,7.09849e-17)
(1,-1.07216e-16)
(1,9.91632e-18)
(1,2.40597e-18)
(1,-5.62982e-17)
(1,-2.16276e-17)
(1,-1.7153e-18)
(1,4.35322e-19)
(1,-1.18023e-18)
(1,-1.08932e-17)
(1,2.69202e-17)
(1,2.21203e-18)
(1,-4.18108e-18)
(1,-4.11457e-18)
(1,5.0434e-18)
(1,4.67101e-19)
(1,-6.92835e-18)
(1,6.71939e-18)
(1,1.08438e-17)
(1,-1.34565e-17)
(1,7.89008e-18)
(1,-8.92877e-18)
(1,2.69668e-17)
(1,3.20696e-18)
(1,-6.21634e-17)
(1,-3.16189e-17)
(1,-1.44503e-17)
(1,-3.36371e-17)
(1,-4.62023e-17)
(1,-9.59035e-17)
(1,8.34382e-17)
(1,6.81843e-17)
(1,6.16133e-17)
(1,-5.93138e-17)
(1,-5.26566e-18)
(1,6.32033e-17)
(1,-4.32078e-17)
(1,6.31307e-18)
(1,2.17879e-17)
(1,-2.13783e-17)
(1,-2.0707e-17)
(1,-7.81991e-18)
(1,9.0269e-18)
(1,-6.05577e-20)
(1,-7.00863e-18)
(1,1.26936e-18)
(1,-3.98121e-18)
(1,4.66144e-18)
(1,9.03226e-18)
(1,1.43655e-17)
(1,-2.30267e-18)
(1,3.98823e-19)
(1,-4.63138e-18)
(1,1.76229e-17)
(1,2.67454e-17)
(1,-2.43521e-17)
(1,-5.53124e-18)
(1,-2.57666e-17)
(1,-3.56322e-17)
(1,-1.37899e-17)
(1,4.64322e-17)
(1,5.77037e-17)
(1,-2.85928e-17)
(1,-1.07147e-17)
(1,-2.18549e-17)
(1,-3.45678e-17)
(1,-2.2104e-17)
(1,1.00979e-17)
(1,-5.07468e-17)
(1,5.71677e-19)
(1,-3.938e-17)
(1,-5.82492e-18)
(1,-1.27685e-19)
(1,1.60249e-17)
(1,-1.57277e-17)
(1,1.83321e-18)
(1,4.15189e-18)
(1,3.1103e-19)
(1,6.74983e-18)
(1,-1.33698e-17)
(1,-2.51656e-20)
(1,1.54541e-17)
(1,-9.4321e-18)
(1,-2.33952e-17)
(1,1.1996e-17)
(1,-8.14202e-18)
(1,-3.09961e-17)
(1,-2.76086e-17)
(1,1.17807e-17)
(1,-1.19594e-16)
(1,-5.31229e-17)
(1,1.85484e-17)
(1,2.40416e-17)
(1,4.99024e-18)
(1,1.95169e-17)
(1,-5.48332e-17)
(1,1.57949e-18)
(1,3.52398e-17)
(1,-1.61618e-17)
(1,-2.67621e-17)
(1,4.02247e-17)
(1,-1.30212e-17)
(1,-6.97267e-18)
(1,-1.00281e-17)
(1,-2.83814e-17)
(1,4.18585e-18)
(1,1.03094e-17)
(1,-1.2136e-19)
(1,1.91391e-18)
(1,1.01929e-17)
(1,5.22314e-18)
(1,-4.26862e-18)
(1,1.53077e-17)
(1,-2.06141e-17)
(1,2.84617e-17)
(1,2.29137e-17)
(1,-3.1346e-17)
(1,-3.16395e-17)
(1,-4.52549e-17)
(1,3.97891e-17)
(1,-8.66074e-18)
(1,8.11829e-18)
(1,-4.3674e-17)
(1,-1.25079e-17)
(1,3.15877e-18)
(1,-2.49338e-17)
(1,3.3142e-17)
(1,-1.29287e-17)
(1,-1.26453e-17)
(1,1.4488e-17)
(1,-3.37092e-17)
(1,2.04139e-17)
(1,-4.48964e-18)
(1,5.96998e-17)
(1,-1.82695e-17)
(1,1.43451e-17)
(1,-3.35137e-18)
(1,-1.60486e-17)
(1,1.51567e-18)
(1,5.25464e-18)
(1,1.91675e-18)
(1,1.02694e-17)
(1,-1.49564e-18)
(1,5.16022e-18)
(1,-3.38721e-19)
(1,-8.41657e-18)
(1,-8.60543e-18)
(1,2.78046e-17)
(1,6.03563e-18)
(1,-6.36685e-18)
(1,-3.67406e-17)
(1,-2.78332e-18)
(1,-3.0522e-18)
(1,3.39339e-17)
(1,1.95123e-17)
(1,-5.28085e-17)
(1,2.65966e-18)
(1,3.89903e-18)
(1,2.18973e-17)
(1,-2.07484e-17)
(1,-2.01319e-17)
(1,-5.01027e-18)
(1,-4.82553e-17)
(1,2.85899e-17)
(1,-3.31659e-17)
(1,-6.24199e-19)
(1,-8.87143e-18)
