(n, l, m)
(1, 0, 0): 7.69970300e-22	2.60329654e-11	9.60494721e-12
(2, 0, 0): 8.52874165e-13	-7.19597947e-07	-5.78837593e-07
(3, 0, 0): 1.43125644e-10	-1.19635123e-05	-4.12797037e-09
(4, 0, 0): 1.69439090e-10	1.09893092e-05	-6.97668779e-06

(2, 1, 0): 9.99999862e-01	9.94382853e-01	-1.05842349e-01
(3, 1, 0): 1.02231162e-11	3.02161516e-06	-1.04544633e-06
(4, 1, 0): 7.57724707e-11	7.53242202e-06	-4.36292210e-06

(3, 2, 0): 1.00943045e-10	9.69885420e-06	-2.62207398e-06
(4, 2, 0): 1.24136662e-10	1.10074477e-05	1.72416818e-06

(4, 3, 0): 3.48104538e-10	1.85839071e-05	1.65618082e-06


