0.00000000e+00	0.00000000e+00	0.00000000e+00	0.00000000e+00
2.00000000e-01	0.00000000e+00	0.00000000e+00	9.36479686e-09
4.00000000e-01	0.00000000e+00	0.00000000e+00	-5.03142929e-07
6.00000000e-01	0.00000000e+00	0.00000000e+00	-3.65927504e-06
8.00000000e-01	0.00000000e+00	0.00000000e+00	-9.50944160e-06
1.00000000e+00	0.00000000e+00	0.00000000e+00	-1.84772030e-05
1.20000000e+00	0.00000000e+00	0.00000000e+00	-3.15901064e-05
1.40000000e+00	0.00000000e+00	0.00000000e+00	-4.78267177e-05
1.60000000e+00	0.00000000e+00	0.00000000e+00	-6.78328682e-05
1.80000000e+00	0.00000000e+00	0.00000000e+00	-9.14823157e-05
2.00000000e+00	0.00000000e+00	0.00000000e+00	-1.17738421e-04
2.20000000e+00	0.00000000e+00	0.00000000e+00	-1.47374490e-04
2.40000000e+00	0.00000000e+00	0.00000000e+00	-1.79387812e-04
2.60000000e+00	0.00000000e+00	0.00000000e+00	-2.13372844e-04
2.80000000e+00	0.00000000e+00	0.00000000e+00	-2.49835782e-04
3.00000000e+00	0.00000000e+00	0.00000000e+00	-2.87416447e-04
3.20000000e+00	0.00000000e+00	0.00000000e+00	-3.26515659e-04
3.40000000e+00	0.00000000e+00	0.00000000e+00	-3.67001890e-04
3.60000000e+00	0.00000000e+00	0.00000000e+00	-4.07828771e-04
3.80000000e+00	0.00000000e+00	0.00000000e+00	-4.49879438e-04
4.00000000e+00	0.00000000e+00	0.00000000e+00	-4.92365479e-04
4.20000000e+00	0.00000000e+00	0.00000000e+00	-5.35044379e-04
4.40000000e+00	0.00000000e+00	0.00000000e+00	-5.78706503e-04
4.60000000e+00	0.00000000e+00	0.00000000e+00	-6.22279662e-04
4.80000000e+00	0.00000000e+00	0.00000000e+00	-6.66383031e-04
5.00000000e+00	0.00000000e+00	0.00000000e+00	-7.11226405e-04
5.20000000e+00	0.00000000e+00	0.00000000e+00	-7.56042397e-04
5.40000000e+00	0.00000000e+00	0.00000000e+00	-8.01875036e-04
5.60000000e+00	0.00000000e+00	0.00000000e+00	-8.48228269e-04
5.80000000e+00	0.00000000e+00	0.00000000e+00	-8.95144104e-04
6.00000000e+00	0.00000000e+00	0.00000000e+00	-9.43388947e-04
6.20000000e+00	0.00000000e+00	0.00000000e+00	-9.92021589e-04
6.40000000e+00	0.00000000e+00	0.00000000e+00	-1.04194457e-03
6.60000000e+00	0.00000000e+00	0.00000000e+00	-1.09328532e-03
6.80000000e+00	0.00000000e+00	0.00000000e+00	-1.14504422e-03
7.00000000e+00	0.00000000e+00	0.00000000e+00	-1.19837209e-03
7.20000000e+00	0.00000000e+00	0.00000000e+00	-1.25289339e-03
7.40000000e+00	0.00000000e+00	0.00000000e+00	-1.30816112e-03
7.60000000e+00	0.00000000e+00	0.00000000e+00	-1.36480553e-03
7.80000000e+00	0.00000000e+00	0.00000000e+00	-1.42175484e-03
8.00000000e+00	0.00000000e+00	0.00000000e+00	-1.47959624e-03
8.20000000e+00	0.00000000e+00	0.00000000e+00	-1.53842160e-03
8.40000000e+00	0.00000000e+00	0.00000000e+00	-1.59682812e-03
8.60000000e+00	0.00000000e+00	0.00000000e+00	-1.65550285e-03
8.80000000e+00	0.00000000e+00	0.00000000e+00	-1.71381375e-03
9.00000000e+00	0.00000000e+00	0.00000000e+00	-1.77135256e-03
9.20000000e+00	0.00000000e+00	0.00000000e+00	-1.82865272e-03
9.40000000e+00	0.00000000e+00	0.00000000e+00	-1.88415318e-03
9.60000000e+00	0.00000000e+00	0.00000000e+00	-1.93790853e-03
9.80000000e+00	0.00000000e+00	0.00000000e+00	-1.99009870e-03
1.00000000e+01	0.00000000e+00	0.00000000e+00	-2.03963035e-03
1.02000000e+01	0.00000000e+00	0.00000000e+00	-2.08720194e-03
1.04000000e+01	0.00000000e+00	0.00000000e+00	-2.13180097e-03
1.06000000e+01	0.00000000e+00	0.00000000e+00	-2.17271095e-03
1.08000000e+01	0.00000000e+00	0.00000000e+00	-2.21073390e-03
1.10000000e+01	0.00000000e+00	0.00000000e+00	-2.24480133e-03
1.12000000e+01	0.00000000e+00	0.00000000e+00	-2.27540104e-03
1.14000000e+01	0.00000000e+00	0.00000000e+00	-2.30260374e-03
1.16000000e+01	0.00000000e+00	0.00000000e+00	-2.32503115e-03
1.18000000e+01	0.00000000e+00	0.00000000e+00	-2.34377567e-03
1.20000000e+01	0.00000000e+00	0.00000000e+00	-2.35840791e-03
1.22000000e+01	0.00000000e+00	0.00000000e+00	-2.36864453e-03
1.24000000e+01	0.00000000e+00	0.00000000e+00	-2.37568856e-03
1.26000000e+01	0.00000000e+00	0.00000000e+00	-2.37852517e-03
1.28000000e+01	0.00000000e+00	0.00000000e+00	-2.37737240e-03
1.30000000e+01	0.00000000e+00	0.00000000e+00	-2.37273183e-03
1.32000000e+01	0.00000000e+00	0.00000000e+00	-2.36401811e-03
1.34000000e+01	0.00000000e+00	0.00000000e+00	-2.35242081e-03
1.36000000e+01	0.00000000e+00	0.00000000e+00	-2.33764853e-03
1.38000000e+01	0.00000000e+00	0.00000000e+00	-2.31930956e-03
1.40000000e+01	0.00000000e+00	0.00000000e+00	-2.29853202e-03
1.42000000e+01	0.00000000e+00	0.00000000e+00	-2.27441189e-03
1.44000000e+01	0.00000000e+00	0.00000000e+00	-2.24729546e-03
1.46000000e+01	0.00000000e+00	0.00000000e+00	-2.21791666e-03
1.48000000e+01	0.00000000e+00	0.00000000e+00	-2.18544454e-03
1.50000000e+01	0.00000000e+00	0.00000000e+00	-2.15077267e-03
1.52000000e+01	0.00000000e+00	0.00000000e+00	-2.11329128e-03
1.54000000e+01	0.00000000e+00	0.00000000e+00	-2.07240006e-03
1.56000000e+01	0.00000000e+00	0.00000000e+00	-2.02920125e-03
1.58000000e+01	0.00000000e+00	0.00000000e+00	-1.98277819e-03
1.60000000e+01	0.00000000e+00	0.00000000e+00	-1.93320938e-03
1.62000000e+01	0.00000000e+00	0.00000000e+00	-1.88071194e-03
1.64000000e+01	0.00000000e+00	0.00000000e+00	-1.82396624e-03
1.66000000e+01	0.00000000e+00	0.00000000e+00	-1.76387179e-03
1.68000000e+01	0.00000000e+00	0.00000000e+00	-1.69991503e-03
1.70000000e+01	0.00000000e+00	0.00000000e+00	-1.63109247e-03
1.72000000e+01	0.00000000e+00	0.00000000e+00	-1.55838385e-03
1.74000000e+01	0.00000000e+00	0.00000000e+00	-1.48069190e-03
1.76000000e+01	0.00000000e+00	0.00000000e+00	-1.39793528e-03
1.78000000e+01	0.00000000e+00	0.00000000e+00	-1.31056441e-03
1.80000000e+01	0.00000000e+00	0.00000000e+00	-1.21719286e-03
1.82000000e+01	0.00000000e+00	0.00000000e+00	-1.11845082e-03
1.84000000e+01	0.00000000e+00	0.00000000e+00	-1.01424866e-03
1.86000000e+01	0.00000000e+00	0.00000000e+00	-9.04084198e-04
1.88000000e+01	0.00000000e+00	0.00000000e+00	-7.88807258e-04
1.90000000e+01	0.00000000e+00	0.00000000e+00	-6.67241862e-04
1.92000000e+01	0.00000000e+00	0.00000000e+00	-5.39689855e-04
1.94000000e+01	0.00000000e+00	0.00000000e+00	-4.07045079e-04
1.96000000e+01	0.00000000e+00	0.00000000e+00	-2.68448798e-04
1.98000000e+01	0.00000000e+00	0.00000000e+00	-1.24838549e-04
2.00000000e+01	0.00000000e+00	0.00000000e+00	2.37557255e-05
2.02000000e+01	0.00000000e+00	0.00000000e+00	1.77861939e-04
2.04000000e+01	0.00000000e+00	0.00000000e+00	3.36222442e-04
2.06000000e+01	0.00000000e+00	0.00000000e+00	4.99189546e-04
2.08000000e+01	0.00000000e+00	0.00000000e+00	6.66208147e-04
2.10000000e+01	0.00000000e+00	0.00000000e+00	8.36341557e-04
2.12000000e+01	0.00000000e+00	0.00000000e+00	1.01060728e-03
2.14000000e+01	0.00000000e+00	0.00000000e+00	1.18789226e-03
2.16000000e+01	0.00000000e+00	0.00000000e+00	1.36769896e-03
2.18000000e+01	0.00000000e+00	0.00000000e+00	1.55034008e-03
2.20000000e+01	0.00000000e+00	0.00000000e+00	1.73455728e-03
2.22000000e+01	0.00000000e+00	0.00000000e+00	1.92099741e-03
2.24000000e+01	0.00000000e+00	0.00000000e+00	2.10944157e-03
2.26000000e+01	0.00000000e+00	0.00000000e+00	2.29873667e-03
2.28000000e+01	0.00000000e+00	0.00000000e+00	2.48971835e-03
2.30000000e+01	0.00000000e+00	0.00000000e+00	2.68165591e-03
2.32000000e+01	0.00000000e+00	0.00000000e+00	2.87423969e-03
2.34000000e+01	0.00000000e+00	0.00000000e+00	3.06818369e-03
2.36000000e+01	0.00000000e+00	0.00000000e+00	3.26250251e-03
2.38000000e+01	0.00000000e+00	0.00000000e+00	3.45785775e-03
2.40000000e+01	0.00000000e+00	0.00000000e+00	3.65409539e-03
2.42000000e+01	0.00000000e+00	0.00000000e+00	3.85040024e-03
2.44000000e+01	0.00000000e+00	0.00000000e+00	4.04794494e-03
2.46000000e+01	0.00000000e+00	0.00000000e+00	4.24606706e-03
2.48000000e+01	0.00000000e+00	0.00000000e+00	4.44483735e-03
2.50000000e+01	0.00000000e+00	0.00000000e+00	4.64504459e-03
2.52000000e+01	0.00000000e+00	0.00000000e+00	4.84536457e-03
2.54000000e+01	0.00000000e+00	0.00000000e+00	5.04645410e-03
2.56000000e+01	0.00000000e+00	0.00000000e+00	5.24864323e-03
2.58000000e+01	0.00000000e+00	0.00000000e+00	5.45126685e-03
2.60000000e+01	0.00000000e+00	0.00000000e+00	5.65510613e-03
2.62000000e+01	0.00000000e+00	0.00000000e+00	5.85916218e-03
2.64000000e+01	0.00000000e+00	0.00000000e+00	6.06326049e-03
2.66000000e+01	0.00000000e+00	0.00000000e+00	6.26823840e-03
2.68000000e+01	0.00000000e+00	0.00000000e+00	6.47286480e-03
2.70000000e+01	0.00000000e+00	0.00000000e+00	6.67740567e-03
2.72000000e+01	0.00000000e+00	0.00000000e+00	6.88184558e-03
2.74000000e+01	0.00000000e+00	0.00000000e+00	7.08499523e-03
2.76000000e+01	0.00000000e+00	0.00000000e+00	7.28746104e-03
2.78000000e+01	0.00000000e+00	0.00000000e+00	7.48834339e-03
2.80000000e+01	0.00000000e+00	0.00000000e+00	7.68715828e-03
2.82000000e+01	0.00000000e+00	0.00000000e+00	7.88432219e-03
2.84000000e+01	0.00000000e+00	0.00000000e+00	8.07844961e-03
2.86000000e+01	0.00000000e+00	0.00000000e+00	8.26965658e-03
2.88000000e+01	0.00000000e+00	0.00000000e+00	8.45774374e-03
2.90000000e+01	0.00000000e+00	0.00000000e+00	8.64153201e-03
2.92000000e+01	0.00000000e+00	0.00000000e+00	8.82147573e-03
2.94000000e+01	0.00000000e+00	0.00000000e+00	8.99661275e-03
2.96000000e+01	0.00000000e+00	0.00000000e+00	9.16661597e-03
2.98000000e+01	0.00000000e+00	0.00000000e+00	9.33213902e-03
3.00000000e+01	0.00000000e+00	0.00000000e+00	9.49157919e-03
3.02000000e+01	0.00000000e+00	0.00000000e+00	9.64503920e-03
3.04000000e+01	0.00000000e+00	0.00000000e+00	9.79271976e-03
3.06000000e+01	0.00000000e+00	0.00000000e+00	9.93365916e-03
3.08000000e+01	0.00000000e+00	0.00000000e+00	1.00687887e-02
3.10000000e+01	0.00000000e+00	0.00000000e+00	1.01973131e-02
3.12000000e+01	0.00000000e+00	0.00000000e+00	1.03186650e-02
3.14000000e+01	0.00000000e+00	0.00000000e+00	1.04336562e-02
3.16000000e+01	0.00000000e+00	0.00000000e+00	1.05413518e-02
3.18000000e+01	0.00000000e+00	0.00000000e+00	1.06424072e-02
3.20000000e+01	0.00000000e+00	0.00000000e+00	1.07370067e-02
3.22000000e+01	0.00000000e+00	0.00000000e+00	1.08240551e-02
3.24000000e+01	0.00000000e+00	0.00000000e+00	1.09045644e-02
3.26000000e+01	0.00000000e+00	0.00000000e+00	1.09780959e-02
3.28000000e+01	0.00000000e+00	0.00000000e+00	1.10442728e-02
3.30000000e+01	0.00000000e+00	0.00000000e+00	1.11039755e-02
3.32000000e+01	0.00000000e+00	0.00000000e+00	1.11564194e-02
3.34000000e+01	0.00000000e+00	0.00000000e+00	1.12019798e-02
3.36000000e+01	0.00000000e+00	0.00000000e+00	1.12406071e-02
3.38000000e+01	0.00000000e+00	0.00000000e+00	1.12712709e-02
3.40000000e+01	0.00000000e+00	0.00000000e+00	1.12950068e-02
3.42000000e+01	0.00000000e+00	0.00000000e+00	1.13113328e-02
3.44000000e+01	0.00000000e+00	0.00000000e+00	1.13197313e-02
3.46000000e+01	0.00000000e+00	0.00000000e+00	1.13207411e-02
3.48000000e+01	0.00000000e+00	0.00000000e+00	1.13130254e-02
3.50000000e+01	0.00000000e+00	0.00000000e+00	1.12969759e-02
3.52000000e+01	0.00000000e+00	0.00000000e+00	1.12727856e-02
3.54000000e+01	0.00000000e+00	0.00000000e+00	1.12391849e-02
3.56000000e+01	0.00000000e+00	0.00000000e+00	1.11967847e-02
3.58000000e+01	0.00000000e+00	0.00000000e+00	1.11449746e-02
3.60000000e+01	0.00000000e+00	0.00000000e+00	1.10828823e-02
3.62000000e+01	0.00000000e+00	0.00000000e+00	1.10112559e-02
3.64000000e+01	0.00000000e+00	0.00000000e+00	1.09291031e-02
3.66000000e+01	0.00000000e+00	0.00000000e+00	1.08365329e-02
3.68000000e+01	0.00000000e+00	0.00000000e+00	1.07335641e-02
3.70000000e+01	0.00000000e+00	0.00000000e+00	1.06189364e-02
3.72000000e+01	0.00000000e+00	0.00000000e+00	1.04936483e-02
3.74000000e+01	0.00000000e+00	0.00000000e+00	1.03573247e-02
3.76000000e+01	0.00000000e+00	0.00000000e+00	1.02093183e-02
3.78000000e+01	0.00000000e+00	0.00000000e+00	1.00505105e-02
3.80000000e+01	0.00000000e+00	0.00000000e+00	9.87996020e-03
3.82000000e+01	0.00000000e+00	0.00000000e+00	9.69812409e-03
3.84000000e+01	0.00000000e+00	0.00000000e+00	9.50561509e-03
3.86000000e+01	0.00000000e+00	0.00000000e+00	9.30153507e-03
3.88000000e+01	0.00000000e+00	0.00000000e+00	9.08688308e-03
3.90000000e+01	0.00000000e+00	0.00000000e+00	8.86149841e-03
3.92000000e+01	0.00000000e+00	0.00000000e+00	8.62529798e-03
3.94000000e+01	0.00000000e+00	0.00000000e+00	8.37958442e-03
3.96000000e+01	0.00000000e+00	0.00000000e+00	8.12346337e-03
3.98000000e+01	0.00000000e+00	0.00000000e+00	7.85746623e-03
4.00000000e+01	0.00000000e+00	0.00000000e+00	7.58261158e-03
4.02000000e+01	0.00000000e+00	0.00000000e+00	7.29817682e-03
4.04000000e+01	0.00000000e+00	0.00000000e+00	7.00528573e-03
4.06000000e+01	0.00000000e+00	0.00000000e+00	6.70387112e-03
4.08000000e+01	0.00000000e+00	0.00000000e+00	6.39355376e-03
4.10000000e+01	0.00000000e+00	0.00000000e+00	6.07579781e-03
4.12000000e+01	0.00000000e+00	0.00000000e+00	5.74998761e-03
4.14000000e+01	0.00000000e+00	0.00000000e+00	5.41633068e-03
4.16000000e+01	0.00000000e+00	0.00000000e+00	5.07557272e-03
4.18000000e+01	0.00000000e+00	0.00000000e+00	4.72697726e-03
4.20000000e+01	0.00000000e+00	0.00000000e+00	4.37136975e-03
4.22000000e+01	0.00000000e+00	0.00000000e+00	4.00857857e-03
4.24000000e+01	0.00000000e+00	0.00000000e+00	3.63815863e-03
4.26000000e+01	0.00000000e+00	0.00000000e+00	3.26127164e-03
4.28000000e+01	0.00000000e+00	0.00000000e+00	2.87703935e-03
4.30000000e+01	0.00000000e+00	0.00000000e+00	2.48537287e-03
4.32000000e+01	0.00000000e+00	0.00000000e+00	2.08704804e-03
4.34000000e+01	0.00000000e+00	0.00000000e+00	1.68100474e-03
4.36000000e+01	0.00000000e+00	0.00000000e+00	1.26806484e-03
4.38000000e+01	0.00000000e+00	0.00000000e+00	8.48172056e-04
4.40000000e+01	0.00000000e+00	0.00000000e+00	4.20637530e-04
4.42000000e+01	0.00000000e+00	0.00000000e+00	-1.35042363e-05
4.44000000e+01	0.00000000e+00	0.00000000e+00	-4.55174325e-04
4.46000000e+01	0.00000000e+00	0.00000000e+00	-9.04121529e-04
4.48000000e+01	0.00000000e+00	0.00000000e+00	-1.35921853e-03
4.50000000e+01	0.00000000e+00	0.00000000e+00	-1.82151598e-03
4.52000000e+01	0.00000000e+00	0.00000000e+00	-2.29014461e-03
4.54000000e+01	0.00000000e+00	0.00000000e+00	-2.76490967e-03
4.56000000e+01	0.00000000e+00	0.00000000e+00	-3.24636236e-03
4.58000000e+01	0.00000000e+00	0.00000000e+00	-3.73285913e-03
4.60000000e+01	0.00000000e+00	0.00000000e+00	-4.22459193e-03
4.62000000e+01	0.00000000e+00	0.00000000e+00	-4.72138496e-03
4.64000000e+01	0.00000000e+00	0.00000000e+00	-5.22214740e-03
4.66000000e+01	0.00000000e+00	0.00000000e+00	-5.72743944e-03
4.68000000e+01	0.00000000e+00	0.00000000e+00	-6.23584181e-03
4.70000000e+01	0.00000000e+00	0.00000000e+00	-6.74658162e-03
4.72000000e+01	0.00000000e+00	0.00000000e+00	-7.26003778e-03
4.74000000e+01	0.00000000e+00	0.00000000e+00	-7.77475670e-03
4.76000000e+01	0.00000000e+00	0.00000000e+00	-8.29076311e-03
4.78000000e+01	0.00000000e+00	0.00000000e+00	-8.80736216e-03
4.80000000e+01	0.00000000e+00	0.00000000e+00	-9.32317276e-03
4.82000000e+01	0.00000000e+00	0.00000000e+00	-9.83887054e-03
4.84000000e+01	0.00000000e+00	0.00000000e+00	-1.03532288e-02
4.86000000e+01	0.00000000e+00	0.00000000e+00	-1.08653625e-02
4.88000000e+01	0.00000000e+00	0.00000000e+00	-1.13757147e-02
4.90000000e+01	0.00000000e+00	0.00000000e+00	-1.18829421e-02
4.92000000e+01	0.00000000e+00	0.00000000e+00	-1.23871210e-02
4.94000000e+01	0.00000000e+00	0.00000000e+00	-1.28880038e-02
4.96000000e+01	0.00000000e+00	0.00000000e+00	-1.33842943e-02
4.98000000e+01	0.00000000e+00	0.00000000e+00	-1.38768871e-02
5.00000000e+01	0.00000000e+00	0.00000000e+00	-1.43648697e-02
5.02000000e+01	0.00000000e+00	0.00000000e+00	-1.48476635e-02
5.04000000e+01	0.00000000e+00	0.00000000e+00	-1.53261453e-02
5.06000000e+01	0.00000000e+00	0.00000000e+00	-1.57989877e-02
5.08000000e+01	0.00000000e+00	0.00000000e+00	-1.62664475e-02
5.10000000e+01	0.00000000e+00	0.00000000e+00	-1.67288202e-02
5.12000000e+01	0.00000000e+00	0.00000000e+00	-1.71850418e-02
5.14000000e+01	0.00000000e+00	0.00000000e+00	-1.76359077e-02
5.16000000e+01	0.00000000e+00	0.00000000e+00	-1.80808182e-02
5.18000000e+01	0.00000000e+00	0.00000000e+00	-1.85193365e-02
5.20000000e+01	0.00000000e+00	0.00000000e+00	-1.89522277e-02
5.22000000e+01	0.00000000e+00	0.00000000e+00	-1.93782547e-02
5.24000000e+01	0.00000000e+00	0.00000000e+00	-1.97977428e-02
5.26000000e+01	0.00000000e+00	0.00000000e+00	-2.02108109e-02
5.28000000e+01	0.00000000e+00	0.00000000e+00	-2.06162318e-02
5.30000000e+01	0.00000000e+00	0.00000000e+00	-2.10147565e-02
5.32000000e+01	0.00000000e+00	0.00000000e+00	-2.14055007e-02
5.34000000e+01	0.00000000e+00	0.00000000e+00	-2.17876803e-02
5.36000000e+01	0.00000000e+00	0.00000000e+00	-2.21619888e-02
5.38000000e+01	0.00000000e+00	0.00000000e+00	-2.25269734e-02
5.40000000e+01	0.00000000e+00	0.00000000e+00	-2.28826036e-02
5.42000000e+01	0.00000000e+00	0.00000000e+00	-2.32287360e-02
5.44000000e+01	0.00000000e+00	0.00000000e+00	-2.35637703e-02
5.46000000e+01	0.00000000e+00	0.00000000e+00	-2.38881130e-02
5.48000000e+01	0.00000000e+00	0.00000000e+00	-2.42010036e-02
5.50000000e+01	0.00000000e+00	0.00000000e+00	-2.45015498e-02
5.52000000e+01	0.00000000e+00	0.00000000e+00	-2.47899555e-02
5.54000000e+01	0.00000000e+00	0.00000000e+00	-2.50645660e-02
5.56000000e+01	0.00000000e+00	0.00000000e+00	-2.53252551e-02
5.58000000e+01	0.00000000e+00	0.00000000e+00	-2.55723012e-02
5.60000000e+01	0.00000000e+00	0.00000000e+00	-2.58041105e-02
5.62000000e+01	0.00000000e+00	0.00000000e+00	-2.60208460e-02
5.64000000e+01	0.00000000e+00	0.00000000e+00	-2.62218692e-02
5.66000000e+01	0.00000000e+00	0.00000000e+00	-2.64064107e-02
5.68000000e+01	0.00000000e+00	0.00000000e+00	-2.65751438e-02
5.70000000e+01	0.00000000e+00	0.00000000e+00	-2.67268594e-02
5.72000000e+01	0.00000000e+00	0.00000000e+00	-2.68615805e-02
5.74000000e+01	0.00000000e+00	0.00000000e+00	-2.69794839e-02
5.76000000e+01	0.00000000e+00	0.00000000e+00	-2.70794824e-02
5.78000000e+01	0.00000000e+00	0.00000000e+00	-2.71624931e-02
5.80000000e+01	0.00000000e+00	0.00000000e+00	-2.72281527e-02
5.82000000e+01	0.00000000e+00	0.00000000e+00	-2.72758375e-02
5.84000000e+01	0.00000000e+00	0.00000000e+00	-2.73066233e-02
5.86000000e+01	0.00000000e+00	0.00000000e+00	-2.73196040e-02
5.88000000e+01	0.00000000e+00	0.00000000e+00	-2.73150921e-02
5.90000000e+01	0.00000000e+00	0.00000000e+00	-2.72938040e-02
5.92000000e+01	0.00000000e+00	0.00000000e+00	-2.72547632e-02
5.94000000e+01	0.00000000e+00	0.00000000e+00	-2.71989596e-02
5.96000000e+01	0.00000000e+00	0.00000000e+00	-2.71262843e-02
5.98000000e+01	0.00000000e+00	0.00000000e+00	-2.70361952e-02
6.00000000e+01	0.00000000e+00	0.00000000e+00	-2.69297739e-02
6.02000000e+01	0.00000000e+00	0.00000000e+00	-2.68063285e-02
6.04000000e+01	0.00000000e+00	0.00000000e+00	-2.66660957e-02
6.06000000e+01	0.00000000e+00	0.00000000e+00	-2.65095945e-02
6.08000000e+01	0.00000000e+00	0.00000000e+00	-2.63357754e-02
6.10000000e+01	0.00000000e+00	0.00000000e+00	-2.61455186e-02
6.12000000e+01	0.00000000e+00	0.00000000e+00	-2.59386554e-02
6.14000000e+01	0.00000000e+00	0.00000000e+00	-2.57144076e-02
6.16000000e+01	0.00000000e+00	0.00000000e+00	-2.54735776e-02
6.18000000e+01	0.00000000e+00	0.00000000e+00	-2.52154835e-02
6.20000000e+01	0.00000000e+00	0.00000000e+00	-2.49400624e-02
6.22000000e+01	0.00000000e+00	0.00000000e+00	-2.46476282e-02
6.24000000e+01	0.00000000e+00	0.00000000e+00	-2.43371015e-02
6.26000000e+01	0.00000000e+00	0.00000000e+00	-2.40092471e-02
6.28000000e+01	0.00000000e+00	0.00000000e+00	-2.36637956e-02
6.30000000e+01	0.00000000e+00	0.00000000e+00	-2.32998484e-02
6.32000000e+01	0.00000000e+00	0.00000000e+00	-2.29184527e-02
6.34000000e+01	0.00000000e+00	0.00000000e+00	-2.25188192e-02
6.36000000e+01	0.00000000e+00	0.00000000e+00	-2.21008893e-02
6.38000000e+01	0.00000000e+00	0.00000000e+00	-2.16653955e-02
6.40000000e+01	0.00000000e+00	0.00000000e+00	-2.12113771e-02
6.42000000e+01	0.00000000e+00	0.00000000e+00	-2.07396750e-02
6.44000000e+01	0.00000000e+00	0.00000000e+00	-2.02505433e-02
6.46000000e+01	0.00000000e+00	0.00000000e+00	-1.97433623e-02
6.48000000e+01	0.00000000e+00	0.00000000e+00	-1.92193743e-02
6.50000000e+01	0.00000000e+00	0.00000000e+00	-1.86782873e-02
6.52000000e+01	0.00000000e+00	0.00000000e+00	-1.81203826e-02
6.54000000e+01	0.00000000e+00	0.00000000e+00	-1.75468824e-02
6.56000000e+01	0.00000000e+00	0.00000000e+00	-1.69571660e-02
6.58000000e+01	0.00000000e+00	0.00000000e+00	-1.63523373e-02
6.60000000e+01	0.00000000e+00	0.00000000e+00	-1.57330125e-02
6.62000000e+01	0.00000000e+00	0.00000000e+00	-1.50989535e-02
6.64000000e+01	0.00000000e+00	0.00000000e+00	-1.44517922e-02
6.66000000e+01	0.00000000e+00	0.00000000e+00	-1.37913883e-02
6.68000000e+01	0.00000000e+00	0.00000000e+00	-1.31181153e-02
6.70000000e+01	0.00000000e+00	0.00000000e+00	-1.24333526e-02
6.72000000e+01	0.00000000e+00	0.00000000e+00	-1.17367068e-02
6.74000000e+01	0.00000000e+00	0.00000000e+00	-1.10292396e-02
6.76000000e+01	0.00000000e+00	0.00000000e+00	-1.03116073e-02
6.78000000e+01	0.00000000e+00	0.00000000e+00	-9.58354488e-03
6.80000000e+01	0.00000000e+00	0.00000000e+00	-8.84643529e-03
6.82000000e+01	0.00000000e+00	0.00000000e+00	-8.09999280e-03
6.84000000e+01	0.00000000e+00	0.00000000e+00	-7.34443259e-03
6.86000000e+01	0.00000000e+00	0.00000000e+00	-6.58123552e-03
6.88000000e+01	0.00000000e+00	0.00000000e+00	-5.80957833e-03
6.90000000e+01	0.00000000e+00	0.00000000e+00	-5.02995001e-03
6.92000000e+01	0.00000000e+00	0.00000000e+00	-4.24323426e-03
6.94000000e+01	0.00000000e+00	0.00000000e+00	-3.44879002e-03
6.96000000e+01	0.00000000e+00	0.00000000e+00	-2.64769323e-03
6.98000000e+01	0.00000000e+00	0.00000000e+00	-1.83969656e-03
7.00000000e+01	0.00000000e+00	0.00000000e+00	-1.02467914e-03
7.02000000e+01	0.00000000e+00	0.00000000e+00	-2.03895177e-04
7.04000000e+01	0.00000000e+00	0.00000000e+00	6.23343545e-04
7.06000000e+01	0.00000000e+00	0.00000000e+00	1.45661444e-03
7.08000000e+01	0.00000000e+00	0.00000000e+00	2.29514853e-03
7.10000000e+01	0.00000000e+00	0.00000000e+00	3.13952364e-03
7.12000000e+01	0.00000000e+00	0.00000000e+00	3.98846762e-03
7.14000000e+01	0.00000000e+00	0.00000000e+00	4.84198426e-03
7.16000000e+01	0.00000000e+00	0.00000000e+00	5.70025423e-03
7.18000000e+01	0.00000000e+00	0.00000000e+00	6.56173727e-03
7.20000000e+01	0.00000000e+00	0.00000000e+00	7.42678525e-03
7.22000000e+01	0.00000000e+00	0.00000000e+00	8.29462482e-03
7.24000000e+01	0.00000000e+00	0.00000000e+00	9.16416377e-03
7.26000000e+01	0.00000000e+00	0.00000000e+00	1.00358291e-02
7.28000000e+01	0.00000000e+00	0.00000000e+00	1.09080491e-02
7.30000000e+01	0.00000000e+00	0.00000000e+00	1.17803041e-02
7.32000000e+01	0.00000000e+00	0.00000000e+00	1.26524395e-02
7.34000000e+01	0.00000000e+00	0.00000000e+00	1.35227325e-02
7.36000000e+01	0.00000000e+00	0.00000000e+00	1.43913302e-02
7.38000000e+01	0.00000000e+00	0.00000000e+00	1.52572079e-02
7.40000000e+01	0.00000000e+00	0.00000000e+00	1.61188423e-02
7.42000000e+01	0.00000000e+00	0.00000000e+00	1.69766596e-02
7.44000000e+01	0.00000000e+00	0.00000000e+00	1.78291444e-02
7.46000000e+01	0.00000000e+00	0.00000000e+00	1.86753913e-02
7.48000000e+01	0.00000000e+00	0.00000000e+00	1.95154750e-02
7.50000000e+01	0.00000000e+00	0.00000000e+00	2.03477201e-02
7.52000000e+01	0.00000000e+00	0.00000000e+00	2.11719968e-02
7.54000000e+01	0.00000000e+00	0.00000000e+00	2.19877729e-02
7.56000000e+01	0.00000000e+00	0.00000000e+00	2.27937886e-02
7.58000000e+01	0.00000000e+00	0.00000000e+00	2.35904493e-02
7.60000000e+01	0.00000000e+00	0.00000000e+00	2.43763987e-02
7.62000000e+01	0.00000000e+00	0.00000000e+00	2.51511028e-02
7.64000000e+01	0.00000000e+00	0.00000000e+00	2.59150617e-02
7.66000000e+01	0.00000000e+00	0.00000000e+00	2.66668432e-02
7.68000000e+01	0.00000000e+00	0.00000000e+00	2.74065844e-02
7.70000000e+01	0.00000000e+00	0.00000000e+00	2.81340311e-02
7.72000000e+01	0.00000000e+00	0.00000000e+00	2.88481122e-02
7.74000000e+01	0.00000000e+00	0.00000000e+00	2.95496540e-02
7.76000000e+01	0.00000000e+00	0.00000000e+00	3.02377264e-02
7.78000000e+01	0.00000000e+00	0.00000000e+00	3.09117468e-02
7.80000000e+01	0.00000000e+00	0.00000000e+00	3.15724431e-02
7.82000000e+01	0.00000000e+00	0.00000000e+00	3.22184787e-02
7.84000000e+01	0.00000000e+00	0.00000000e+00	3.28502151e-02
7.86000000e+01	0.00000000e+00	0.00000000e+00	3.34675298e-02
7.88000000e+01	0.00000000e+00	0.00000000e+00	3.40692103e-02
7.90000000e+01	0.00000000e+00	0.00000000e+00	3.46560629e-02
7.92000000e+01	0.00000000e+00	0.00000000e+00	3.52270649e-02
7.94000000e+01	0.00000000e+00	0.00000000e+00	3.57815423e-02
7.96000000e+01	0.00000000e+00	0.00000000e+00	3.63201659e-02
7.98000000e+01	0.00000000e+00	0.00000000e+00	3.68414482e-02
8.00000000e+01	0.00000000e+00	0.00000000e+00	3.73452359e-02
8.02000000e+01	0.00000000e+00	0.00000000e+00	3.78313573e-02
8.04000000e+01	0.00000000e+00	0.00000000e+00	3.82984491e-02
8.06000000e+01	0.00000000e+00	0.00000000e+00	3.87468855e-02
8.08000000e+01	0.00000000e+00	0.00000000e+00	3.91756366e-02
8.10000000e+01	0.00000000e+00	0.00000000e+00	3.95837601e-02
8.12000000e+01	0.00000000e+00	0.00000000e+00	3.99714657e-02
8.14000000e+01	0.00000000e+00	0.00000000e+00	4.03370953e-02
8.16000000e+01	0.00000000e+00	0.00000000e+00	4.06806196e-02
8.18000000e+01	0.00000000e+00	0.00000000e+00	4.10019012e-02
8.20000000e+01	0.00000000e+00	0.00000000e+00	4.12992296e-02
8.22000000e+01	0.00000000e+00	0.00000000e+00	4.15729590e-02
8.24000000e+01	0.00000000e+00	0.00000000e+00	4.18221671e-02
8.26000000e+01	0.00000000e+00	0.00000000e+00	4.20460302e-02
8.28000000e+01	0.00000000e+00	0.00000000e+00	4.22452090e-02
8.30000000e+01	0.00000000e+00	0.00000000e+00	4.24182299e-02
8.32000000e+01	0.00000000e+00	0.00000000e+00	4.25651055e-02
8.34000000e+01	0.00000000e+00	0.00000000e+00	4.26861014e-02
8.36000000e+01	0.00000000e+00	0.00000000e+00	4.27800351e-02
8.38000000e+01	0.00000000e+00	0.00000000e+00	4.28477746e-02
8.40000000e+01	0.00000000e+00	0.00000000e+00	4.28889302e-02
8.42000000e+01	0.00000000e+00	0.00000000e+00	4.29029329e-02
8.44000000e+01	0.00000000e+00	0.00000000e+00	4.28910495e-02
8.46000000e+01	0.00000000e+00	0.00000000e+00	4.28524229e-02
8.48000000e+01	0.00000000e+00	0.00000000e+00	4.27875000e-02
8.50000000e+01	0.00000000e+00	0.00000000e+00	4.26971227e-02
8.52000000e+01	0.00000000e+00	0.00000000e+00	4.25804501e-02
8.54000000e+01	0.00000000e+00	0.00000000e+00	4.24386936e-02
8.56000000e+01	0.00000000e+00	0.00000000e+00	4.22719419e-02
8.58000000e+01	0.00000000e+00	0.00000000e+00	4.20800179e-02
8.60000000e+01	0.00000000e+00	0.00000000e+00	4.18641744e-02
8.62000000e+01	0.00000000e+00	0.00000000e+00	4.16238010e-02
8.64000000e+01	0.00000000e+00	0.00000000e+00	4.13594869e-02
8.66000000e+01	0.00000000e+00	0.00000000e+00	4.10718758e-02
8.68000000e+01	0.00000000e+00	0.00000000e+00	4.07601026e-02
8.70000000e+01	0.00000000e+00	0.00000000e+00	4.04254819e-02
8.72000000e+01	0.00000000e+00	0.00000000e+00	4.00679095e-02
8.74000000e+01	0.00000000e+00	0.00000000e+00	3.96865981e-02
8.76000000e+01	0.00000000e+00	0.00000000e+00	3.92826030e-02
8.78000000e+01	0.00000000e+00	0.00000000e+00	3.88552236e-02
8.80000000e+01	0.00000000e+00	0.00000000e+00	3.84046468e-02
8.82000000e+01	0.00000000e+00	0.00000000e+00	3.79314392e-02
8.84000000e+01	0.00000000e+00	0.00000000e+00	3.74343847e-02
8.86000000e+01	0.00000000e+00	0.00000000e+00	3.69142696e-02
8.88000000e+01	0.00000000e+00	0.00000000e+00	3.63709692e-02
8.90000000e+01	0.00000000e+00	0.00000000e+00	3.58037263e-02
8.92000000e+01	0.00000000e+00	0.00000000e+00	3.52137167e-02
8.94000000e+01	0.00000000e+00	0.00000000e+00	3.46002903e-02
8.96000000e+01	0.00000000e+00	0.00000000e+00	3.39634504e-02
8.98000000e+01	0.00000000e+00	0.00000000e+00	3.33040840e-02
9.00000000e+01	0.00000000e+00	0.00000000e+00	3.26214497e-02
9.02000000e+01	0.00000000e+00	0.00000000e+00	3.19166616e-02
9.04000000e+01	0.00000000e+00	0.00000000e+00	3.11902539e-02
9.06000000e+01	0.00000000e+00	0.00000000e+00	3.04417478e-02
9.08000000e+01	0.00000000e+00	0.00000000e+00	2.96727578e-02
9.10000000e+01	0.00000000e+00	0.00000000e+00	2.88833503e-02
9.12000000e+01	0.00000000e+00	0.00000000e+00	2.80740802e-02
9.14000000e+01	0.00000000e+00	0.00000000e+00	2.72463774e-02
9.16000000e+01	0.00000000e+00	0.00000000e+00	2.63999753e-02
9.18000000e+01	0.00000000e+00	0.00000000e+00	2.55365452e-02
9.20000000e+01	0.00000000e+00	0.00000000e+00	2.46569189e-02
9.22000000e+01	0.00000000e+00	0.00000000e+00	2.37609022e-02
9.24000000e+01	0.00000000e+00	0.00000000e+00	2.28504155e-02
9.26000000e+01	0.00000000e+00	0.00000000e+00	2.19257560e-02
9.28000000e+01	0.00000000e+00	0.00000000e+00	2.09874408e-02
9.30000000e+01	0.00000000e+00	0.00000000e+00	2.00371744e-02
9.32000000e+01	0.00000000e+00	0.00000000e+00	1.90745586e-02
9.34000000e+01	0.00000000e+00	0.00000000e+00	1.81006129e-02
9.36000000e+01	0.00000000e+00	0.00000000e+00	1.71164559e-02
9.38000000e+01	0.00000000e+00	0.00000000e+00	1.61218127e-02
9.40000000e+01	0.00000000e+00	0.00000000e+00	1.51181120e-02
9.42000000e+01	0.00000000e+00	0.00000000e+00	1.41054305e-02
9.44000000e+01	0.00000000e+00	0.00000000e+00	1.30838450e-02
9.46000000e+01	0.00000000e+00	0.00000000e+00	1.20548678e-02
9.48000000e+01	0.00000000e+00	0.00000000e+00	1.10179601e-02
9.50000000e+01	0.00000000e+00	0.00000000e+00	9.97373165e-03
9.52000000e+01	0.00000000e+00	0.00000000e+00	8.92330205e-03
9.54000000e+01	0.00000000e+00	0.00000000e+00	7.86609930e-03
9.56000000e+01	0.00000000e+00	0.00000000e+00	6.80323623e-03
9.58000000e+01	0.00000000e+00	0.00000000e+00	5.73489202e-03
9.60000000e+01	0.00000000e+00	0.00000000e+00	4.66093483e-03
9.62000000e+01	0.00000000e+00	0.00000000e+00	3.58286372e-03
9.64000000e+01	0.00000000e+00	0.00000000e+00	2.50033502e-03
9.66000000e+01	0.00000000e+00	0.00000000e+00	1.41371411e-03
9.68000000e+01	0.00000000e+00	0.00000000e+00	3.24131126e-04
9.70000000e+01	0.00000000e+00	0.00000000e+00	-7.69012225e-04
9.72000000e+01	0.00000000e+00	0.00000000e+00	-1.86444850e-03
9.74000000e+01	0.00000000e+00	0.00000000e+00	-2.96176207e-03
9.76000000e+01	0.00000000e+00	0.00000000e+00	-4.06121395e-03
9.78000000e+01	0.00000000e+00	0.00000000e+00	-5.16118485e-03
9.80000000e+01	0.00000000e+00	0.00000000e+00	-6.26210969e-03
9.82000000e+01	0.00000000e+00	0.00000000e+00	-7.36357536e-03
9.84000000e+01	0.00000000e+00	0.00000000e+00	-8.46397279e-03
9.86000000e+01	0.00000000e+00	0.00000000e+00	-9.56378874e-03
9.88000000e+01	0.00000000e+00	0.00000000e+00	-1.06620310e-02
9.90000000e+01	0.00000000e+00	0.00000000e+00	-1.17578714e-02
9.92000000e+01	0.00000000e+00	0.00000000e+00	-1.28515302e-02
9.94000000e+01	0.00000000e+00	0.00000000e+00	-1.39413090e-02
9.96000000e+01	0.00000000e+00	0.00000000e+00	-1.50269408e-02
9.98000000e+01	0.00000000e+00	0.00000000e+00	-1.61080507e-02
1.00000000e+02	0.00000000e+00	0.00000000e+00	-1.71829475e-02
1.00200000e+02	0.00000000e+00	0.00000000e+00	-1.82518392e-02
1.00400000e+02	0.00000000e+00	0.00000000e+00	-1.93134912e-02
1.00600000e+02	0.00000000e+00	0.00000000e+00	-2.03665770e-02
1.00800000e+02	0.00000000e+00	0.00000000e+00	-2.14111714e-02
1.01000000e+02	0.00000000e+00	0.00000000e+00	-2.24454500e-02
1.01200000e+02	0.00000000e+00	0.00000000e+00	-2.34687747e-02
1.01400000e+02	0.00000000e+00	0.00000000e+00	-2.44808738e-02
1.01600000e+02	0.00000000e+00	0.00000000e+00	-2.54798919e-02
1.01800000e+02	0.00000000e+00	0.00000000e+00	-2.64656511e-02
1.02000000e+02	0.00000000e+00	0.00000000e+00	-2.74369501e-02
1.02200000e+02	0.00000000e+00	0.00000000e+00	-2.83925050e-02
1.02400000e+02	0.00000000e+00	0.00000000e+00	-2.93327061e-02
1.02600000e+02	0.00000000e+00	0.00000000e+00	-3.02558540e-02
1.02800000e+02	0.00000000e+00	0.00000000e+00	-3.11613221e-02
1.03000000e+02	0.00000000e+00	0.00000000e+00	-3.20490830e-02
1.03200000e+02	0.00000000e+00	0.00000000e+00	-3.29175132e-02
1.03400000e+02	0.00000000e+00	0.00000000e+00	-3.37670866e-02
1.03600000e+02	0.00000000e+00	0.00000000e+00	-3.45972034e-02
1.03800000e+02	0.00000000e+00	0.00000000e+00	-3.54066831e-02
1.04000000e+02	0.00000000e+00	0.00000000e+00	-3.61963740e-02
1.04200000e+02	0.00000000e+00	0.00000000e+00	-3.69652681e-02
1.04400000e+02	0.00000000e+00	0.00000000e+00	-3.77131495e-02
1.04600000e+02	0.00000000e+00	0.00000000e+00	-3.84405722e-02
1.04800000e+02	0.00000000e+00	0.00000000e+00	-3.91465387e-02
1.05000000e+02	0.00000000e+00	0.00000000e+00	-3.98316625e-02
1.05200000e+02	0.00000000e+00	0.00000000e+00	-4.04959058e-02
1.05400000e+02	0.00000000e+00	0.00000000e+00	-4.11384505e-02
1.05600000e+02	0.00000000e+00	0.00000000e+00	-4.17603173e-02
1.05800000e+02	0.00000000e+00	0.00000000e+00	-4.23608077e-02
1.06000000e+02	0.00000000e+00	0.00000000e+00	-4.29397175e-02
1.06200000e+02	0.00000000e+00	0.00000000e+00	-4.34977170e-02
1.06400000e+02	0.00000000e+00	0.00000000e+00	-4.40336584e-02
1.06600000e+02	0.00000000e+00	0.00000000e+00	-4.45478872e-02
1.06800000e+02	0.00000000e+00	0.00000000e+00	-4.50401623e-02
1.07000000e+02	0.00000000e+00	0.00000000e+00	-4.55093259e-02
1.07200000e+02	0.00000000e+00	0.00000000e+00	-4.59559101e-02
1.07400000e+02	0.00000000e+00	0.00000000e+00	-4.63787648e-02
1.07600000e+02	0.00000000e+00	0.00000000e+00	-4.67771046e-02
1.07800000e+02	0.00000000e+00	0.00000000e+00	-4.71509883e-02
1.08000000e+02	0.00000000e+00	0.00000000e+00	-4.74986172e-02
1.08200000e+02	0.00000000e+00	0.00000000e+00	-4.78198338e-02
1.08400000e+02	0.00000000e+00	0.00000000e+00	-4.81139859e-02
1.08600000e+02	0.00000000e+00	0.00000000e+00	-4.83792378e-02
1.08800000e+02	0.00000000e+00	0.00000000e+00	-4.86158652e-02
1.09000000e+02	0.00000000e+00	0.00000000e+00	-4.88225393e-02
1.09200000e+02	0.00000000e+00	0.00000000e+00	-4.89981210e-02
1.09400000e+02	0.00000000e+00	0.00000000e+00	-4.91429196e-02
1.09600000e+02	0.00000000e+00	0.00000000e+00	-4.92553964e-02
1.09800000e+02	0.00000000e+00	0.00000000e+00	-4.93355824e-02
1.10000000e+02	0.00000000e+00	0.00000000e+00	-4.93834936e-02
1.10200000e+02	0.00000000e+00	0.00000000e+00	-4.93982086e-02
1.10400000e+02	0.00000000e+00	0.00000000e+00	-4.93807323e-02
1.10600000e+02	0.00000000e+00	0.00000000e+00	-4.93306748e-02
1.10800000e+02	0.00000000e+00	0.00000000e+00	-4.92483037e-02
1.11000000e+02	0.00000000e+00	0.00000000e+00	-4.91350728e-02
1.11200000e+02	0.00000000e+00	0.00000000e+00	-4.89906892e-02
1.11400000e+02	0.00000000e+00	0.00000000e+00	-4.88164862e-02
1.11600000e+02	0.00000000e+00	0.00000000e+00	-4.86137374e-02
1.11800000e+02	0.00000000e+00	0.00000000e+00	-4.83825630e-02
1.12000000e+02	0.00000000e+00	0.00000000e+00	-4.81248301e-02
1.12200000e+02	0.00000000e+00	0.00000000e+00	-4.78411088e-02
1.12400000e+02	0.00000000e+00	0.00000000e+00	-4.75321761e-02
1.12600000e+02	0.00000000e+00	0.00000000e+00	-4.71997755e-02
1.12800000e+02	0.00000000e+00	0.00000000e+00	-4.68435497e-02
1.13000000e+02	0.00000000e+00	0.00000000e+00	-4.64646085e-02
1.13200000e+02	0.00000000e+00	0.00000000e+00	-4.60637152e-02
1.13400000e+02	0.00000000e+00	0.00000000e+00	-4.56401664e-02
1.13600000e+02	0.00000000e+00	0.00000000e+00	-4.51949306e-02
1.13800000e+02	0.00000000e+00	0.00000000e+00	-4.47274428e-02
1.14000000e+02	0.00000000e+00	0.00000000e+00	-4.42369557e-02
1.14200000e+02	0.00000000e+00	0.00000000e+00	-4.37240547e-02
1.14400000e+02	0.00000000e+00	0.00000000e+00	-4.31872440e-02
1.14600000e+02	0.00000000e+00	0.00000000e+00	-4.26261322e-02
1.14800000e+02	0.00000000e+00	0.00000000e+00	-4.20405742e-02
1.15000000e+02	0.00000000e+00	0.00000000e+00	-4.14290918e-02
1.15200000e+02	0.00000000e+00	0.00000000e+00	-4.07921018e-02
1.15400000e+02	0.00000000e+00	0.00000000e+00	-4.01288827e-02
1.15600000e+02	0.00000000e+00	0.00000000e+00	-3.94387302e-02
1.15800000e+02	0.00000000e+00	0.00000000e+00	-3.87226818e-02
1.16000000e+02	0.00000000e+00	0.00000000e+00	-3.79802290e-02
1.16200000e+02	0.00000000e+00	0.00000000e+00	-3.72123211e-02
1.16400000e+02	0.00000000e+00	0.00000000e+00	-3.64200492e-02
1.16600000e+02	0.00000000e+00	0.00000000e+00	-3.56033154e-02
1.16800000e+02	0.00000000e+00	0.00000000e+00	-3.47645082e-02
1.17000000e+02	0.00000000e+00	0.00000000e+00	-3.39049232e-02
1.17200000e+02	0.00000000e+00	0.00000000e+00	-3.30254981e-02
1.17400000e+02	0.00000000e+00	0.00000000e+00	-3.21287489e-02
1.17600000e+02	0.00000000e+00	0.00000000e+00	-3.12155079e-02
1.17800000e+02	0.00000000e+00	0.00000000e+00	-3.02877773e-02
1.18000000e+02	0.00000000e+00	0.00000000e+00	-2.93476725e-02
1.18200000e+02	0.00000000e+00	0.00000000e+00	-2.83955107e-02
1.18400000e+02	0.00000000e+00	0.00000000e+00	-2.74333499e-02
1.18600000e+02	0.00000000e+00	0.00000000e+00	-2.64621171e-02
1.18800000e+02	0.00000000e+00	0.00000000e+00	-2.54819069e-02
1.19000000e+02	0.00000000e+00	0.00000000e+00	-2.44944573e-02
1.19200000e+02	0.00000000e+00	0.00000000e+00	-2.34993368e-02
1.19400000e+02	0.00000000e+00	0.00000000e+00	-2.24966446e-02
1.19600000e+02	0.00000000e+00	0.00000000e+00	-2.14870697e-02
1.19800000e+02	0.00000000e+00	0.00000000e+00	-2.04695566e-02
1.20000000e+02	0.00000000e+00	0.00000000e+00	-1.94445804e-02
1.20200000e+02	0.00000000e+00	0.00000000e+00	-1.84120432e-02
1.20400000e+02	0.00000000e+00	0.00000000e+00	-1.73709979e-02
1.20600000e+02	0.00000000e+00	0.00000000e+00	-1.63221754e-02
1.20800000e+02	0.00000000e+00	0.00000000e+00	-1.52650146e-02
1.21000000e+02	0.00000000e+00	0.00000000e+00	-1.41996187e-02
1.21200000e+02	0.00000000e+00	0.00000000e+00	-1.31271150e-02
1.21400000e+02	0.00000000e+00	0.00000000e+00	-1.20468669e-02
1.21600000e+02	0.00000000e+00	0.00000000e+00	-1.09601405e-02
1.21800000e+02	0.00000000e+00	0.00000000e+00	-9.86803674e-03
1.22000000e+02	0.00000000e+00	0.00000000e+00	-8.77057358e-03
1.22200000e+02	0.00000000e+00	0.00000000e+00	-7.66983285e-03
1.22400000e+02	0.00000000e+00	0.00000000e+00	-6.56641953e-03
1.22600000e+02	0.00000000e+00	0.00000000e+00	-5.46119329e-03
1.22800000e+02	0.00000000e+00	0.00000000e+00	-4.35624191e-03
1.23000000e+02	0.00000000e+00	0.00000000e+00	-3.25156741e-03
1.23200000e+02	0.00000000e+00	0.00000000e+00	-2.14862919e-03
1.23400000e+02	0.00000000e+00	0.00000000e+00	-1.04877869e-03
1.23600000e+02	0.00000000e+00	0.00000000e+00	4.81469987e-05
1.23800000e+02	0.00000000e+00	0.00000000e+00	1.14071199e-03
1.24000000e+02	0.00000000e+00	0.00000000e+00	2.22891893e-03
1.24200000e+02	0.00000000e+00	0.00000000e+00	3.31292858e-03
1.24400000e+02	0.00000000e+00	0.00000000e+00	4.39129863e-03
1.24600000e+02	0.00000000e+00	0.00000000e+00	5.46485096e-03
1.24800000e+02	0.00000000e+00	0.00000000e+00	6.53363528e-03
1.25000000e+02	0.00000000e+00	0.00000000e+00	7.59703015e-03
1.25200000e+02	0.00000000e+00	0.00000000e+00	8.65595274e-03
1.25400000e+02	0.00000000e+00	0.00000000e+00	9.70964623e-03
1.25600000e+02	0.00000000e+00	0.00000000e+00	1.07581500e-02
1.25800000e+02	0.00000000e+00	0.00000000e+00	1.18020565e-02
1.26000000e+02	0.00000000e+00	0.00000000e+00	1.28401250e-02
1.26200000e+02	0.00000000e+00	0.00000000e+00	1.38725379e-02
1.26400000e+02	0.00000000e+00	0.00000000e+00	1.48987644e-02
1.26600000e+02	0.00000000e+00	0.00000000e+00	1.59175372e-02
1.26800000e+02	0.00000000e+00	0.00000000e+00	1.69290470e-02
1.27000000e+02	0.00000000e+00	0.00000000e+00	1.79315635e-02
1.27200000e+02	0.00000000e+00	0.00000000e+00	1.89238595e-02
1.27400000e+02	0.00000000e+00	0.00000000e+00	1.99056864e-02
1.27600000e+02	0.00000000e+00	0.00000000e+00	2.08746403e-02
1.27800000e+02	0.00000000e+00	0.00000000e+00	2.18300978e-02
1.28000000e+02	0.00000000e+00	0.00000000e+00	2.27710312e-02
1.28200000e+02	0.00000000e+00	0.00000000e+00	2.36952263e-02
1.28400000e+02	0.00000000e+00	0.00000000e+00	2.46023231e-02
1.28600000e+02	0.00000000e+00	0.00000000e+00	2.54905495e-02
1.28800000e+02	0.00000000e+00	0.00000000e+00	2.63586942e-02
1.29000000e+02	0.00000000e+00	0.00000000e+00	2.72068169e-02
1.29200000e+02	0.00000000e+00	0.00000000e+00	2.80329405e-02
1.29400000e+02	0.00000000e+00	0.00000000e+00	2.88367869e-02
1.29600000e+02	0.00000000e+00	0.00000000e+00	2.96181661e-02
1.29800000e+02	0.00000000e+00	0.00000000e+00	3.03757983e-02
1.30000000e+02	0.00000000e+00	0.00000000e+00	3.11104926e-02
1.30200000e+02	0.00000000e+00	0.00000000e+00	3.18217575e-02
1.30400000e+02	0.00000000e+00	0.00000000e+00	3.25091303e-02
1.30600000e+02	0.00000000e+00	0.00000000e+00	3.31738304e-02
1.30800000e+02	0.00000000e+00	0.00000000e+00	3.38152772e-02
1.31000000e+02	0.00000000e+00	0.00000000e+00	3.44340561e-02
1.31200000e+02	0.00000000e+00	0.00000000e+00	3.50310713e-02
1.31400000e+02	0.00000000e+00	0.00000000e+00	3.56059397e-02
1.31600000e+02	0.00000000e+00	0.00000000e+00	3.61600875e-02
1.31800000e+02	0.00000000e+00	0.00000000e+00	3.66935784e-02
1.32000000e+02	0.00000000e+00	0.00000000e+00	3.72063373e-02
1.32200000e+02	0.00000000e+00	0.00000000e+00	3.76997613e-02
1.32400000e+02	0.00000000e+00	0.00000000e+00	3.81733689e-02
1.32600000e+02	0.00000000e+00	0.00000000e+00	3.86276601e-02
1.32800000e+02	0.00000000e+00	0.00000000e+00	3.90632306e-02
1.33000000e+02	0.00000000e+00	0.00000000e+00	3.94788379e-02
1.33200000e+02	0.00000000e+00	0.00000000e+00	3.98753184e-02
1.33400000e+02	0.00000000e+00	0.00000000e+00	4.02523575e-02
1.33600000e+02	0.00000000e+00	0.00000000e+00	4.06086786e-02
1.33800000e+02	0.00000000e+00	0.00000000e+00	4.09447693e-02
1.34000000e+02	0.00000000e+00	0.00000000e+00	4.12591057e-02
1.34200000e+02	0.00000000e+00	0.00000000e+00	4.15510149e-02
1.34400000e+02	0.00000000e+00	0.00000000e+00	4.18201772e-02
1.34600000e+02	0.00000000e+00	0.00000000e+00	4.20644613e-02
1.34800000e+02	0.00000000e+00	0.00000000e+00	4.22838156e-02
1.35000000e+02	0.00000000e+00	0.00000000e+00	4.24770756e-02
1.35200000e+02	0.00000000e+00	0.00000000e+00	4.26423796e-02
1.35400000e+02	0.00000000e+00	0.00000000e+00	4.27798226e-02
1.35600000e+02	0.00000000e+00	0.00000000e+00	4.28878030e-02
1.35800000e+02	0.00000000e+00	0.00000000e+00	4.29655404e-02
1.36000000e+02	0.00000000e+00	0.00000000e+00	4.30131024e-02
1.36200000e+02	0.00000000e+00	0.00000000e+00	4.30290496e-02
1.36400000e+02	0.00000000e+00	0.00000000e+00	4.30138950e-02
1.36600000e+02	0.00000000e+00	0.00000000e+00	4.29675388e-02
1.36800000e+02	0.00000000e+00	0.00000000e+00	4.28895457e-02
1.37000000e+02	0.00000000e+00	0.00000000e+00	4.27814117e-02
1.37200000e+02	0.00000000e+00	0.00000000e+00	4.26430562e-02
1.37400000e+02	0.00000000e+00	0.00000000e+00	4.24754767e-02
1.37600000e+02	0.00000000e+00	0.00000000e+00	4.22805772e-02
1.37800000e+02	0.00000000e+00	0.00000000e+00	4.20584791e-02
1.38000000e+02	0.00000000e+00	0.00000000e+00	4.18114172e-02
1.38200000e+02	0.00000000e+00	0.00000000e+00	4.15410269e-02
1.38400000e+02	0.00000000e+00	0.00000000e+00	4.12480582e-02
1.38600000e+02	0.00000000e+00	0.00000000e+00	4.09351739e-02
1.38800000e+02	0.00000000e+00	0.00000000e+00	4.06031766e-02
1.39000000e+02	0.00000000e+00	0.00000000e+00	4.02533363e-02
1.39200000e+02	0.00000000e+00	0.00000000e+00	3.98878387e-02
1.39400000e+02	0.00000000e+00	0.00000000e+00	3.95066857e-02
1.39600000e+02	0.00000000e+00	0.00000000e+00	3.91111989e-02
1.39800000e+02	0.00000000e+00	0.00000000e+00	3.87021169e-02
1.40000000e+02	0.00000000e+00	0.00000000e+00	3.82788912e-02
1.40200000e+02	0.00000000e+00	0.00000000e+00	3.78426598e-02
1.40400000e+02	0.00000000e+00	0.00000000e+00	3.73923624e-02
1.40600000e+02	0.00000000e+00	0.00000000e+00	3.69271624e-02
1.40800000e+02	0.00000000e+00	0.00000000e+00	3.64473455e-02
1.41000000e+02	0.00000000e+00	0.00000000e+00	3.59509769e-02
1.41200000e+02	0.00000000e+00	0.00000000e+00	3.54375079e-02
1.41400000e+02	0.00000000e+00	0.00000000e+00	3.49059362e-02
1.41600000e+02	0.00000000e+00	0.00000000e+00	3.43543269e-02
1.41800000e+02	0.00000000e+00	0.00000000e+00	3.37827483e-02
1.42000000e+02	0.00000000e+00	0.00000000e+00	3.31897243e-02
1.42200000e+02	0.00000000e+00	0.00000000e+00	3.25743362e-02
1.42400000e+02	0.00000000e+00	0.00000000e+00	3.19369869e-02
1.42600000e+02	0.00000000e+00	0.00000000e+00	3.12764270e-02
1.42800000e+02	0.00000000e+00	0.00000000e+00	3.05935712e-02
1.43000000e+02	0.00000000e+00	0.00000000e+00	2.98892805e-02
1.43200000e+02	0.00000000e+00	0.00000000e+00	2.91633035e-02
1.43400000e+02	0.00000000e+00	0.00000000e+00	2.84178858e-02
1.43600000e+02	0.00000000e+00	0.00000000e+00	2.76540992e-02
1.43800000e+02	0.00000000e+00	0.00000000e+00	2.68733383e-02
1.44000000e+02	0.00000000e+00	0.00000000e+00	2.60785645e-02
1.44200000e+02	0.00000000e+00	0.00000000e+00	2.52708761e-02
1.44400000e+02	0.00000000e+00	0.00000000e+00	2.44527415e-02
1.44600000e+02	0.00000000e+00	0.00000000e+00	2.36266542e-02
1.44800000e+02	0.00000000e+00	0.00000000e+00	2.27938285e-02
1.45000000e+02	0.00000000e+00	0.00000000e+00	2.19571920e-02
1.45200000e+02	0.00000000e+00	0.00000000e+00	2.11180568e-02
1.45400000e+02	0.00000000e+00	0.00000000e+00	2.02773512e-02
1.45600000e+02	0.00000000e+00	0.00000000e+00	1.94371971e-02
1.45800000e+02	0.00000000e+00	0.00000000e+00	1.85976194e-02
1.46000000e+02	0.00000000e+00	0.00000000e+00	1.77595609e-02
1.46200000e+02	0.00000000e+00	0.00000000e+00	1.69238504e-02
1.46400000e+02	0.00000000e+00	0.00000000e+00	1.60892252e-02
1.46600000e+02	0.00000000e+00	0.00000000e+00	1.52562559e-02
1.46800000e+02	0.00000000e+00	0.00000000e+00	1.44243734e-02
1.47000000e+02	0.00000000e+00	0.00000000e+00	1.35925591e-02
1.47200000e+02	0.00000000e+00	0.00000000e+00	1.27610395e-02
1.47400000e+02	0.00000000e+00	0.00000000e+00	1.19279242e-02
1.47600000e+02	0.00000000e+00	0.00000000e+00	1.10929071e-02
1.47800000e+02	0.00000000e+00	0.00000000e+00	1.02560939e-02
1.48000000e+02	0.00000000e+00	0.00000000e+00	9.41583317e-03
1.48200000e+02	0.00000000e+00	0.00000000e+00	8.57265190e-03
1.48400000e+02	0.00000000e+00	0.00000000e+00	7.72633106e-03
1.48600000e+02	0.00000000e+00	0.00000000e+00	6.87630363e-03
1.48800000e+02	0.00000000e+00	0.00000000e+00	6.02403969e-03
1.49000000e+02	0.00000000e+00	0.00000000e+00	5.16921155e-03
1.49200000e+02	0.00000000e+00	0.00000000e+00	4.31257607e-03
1.49400000e+02	0.00000000e+00	0.00000000e+00	3.45589448e-03
1.49600000e+02	0.00000000e+00	0.00000000e+00	2.59923385e-03
1.49800000e+02	0.00000000e+00	0.00000000e+00	1.74435432e-03
1.50000000e+02	0.00000000e+00	0.00000000e+00	8.92475852e-04
1.50200000e+02	0.00000000e+00	0.00000000e+00	4.42384086e-05
1.50400000e+02	0.00000000e+00	0.00000000e+00	-7.98126401e-04
1.50600000e+02	0.00000000e+00	0.00000000e+00	-1.63423465e-03
1.50800000e+02	0.00000000e+00	0.00000000e+00	-2.46305613e-03
1.51000000e+02	0.00000000e+00	0.00000000e+00	-3.28288632e-03
1.51200000e+02	0.00000000e+00	0.00000000e+00	-4.09392383e-03
1.51400000e+02	0.00000000e+00	0.00000000e+00	-4.89484046e-03
1.51600000e+02	0.00000000e+00	0.00000000e+00	-5.68499694e-03
1.51800000e+02	0.00000000e+00	0.00000000e+00	-6.46491556e-03
1.52000000e+02	0.00000000e+00	0.00000000e+00	-7.23341825e-03
1.52200000e+02	0.00000000e+00	0.00000000e+00	-7.99088068e-03
1.52400000e+02	0.00000000e+00	0.00000000e+00	-8.73741947e-03
1.52600000e+02	0.00000000e+00	0.00000000e+00	-9.47224996e-03
1.52800000e+02	0.00000000e+00	0.00000000e+00	-1.01965455e-02
1.53000000e+02	0.00000000e+00	0.00000000e+00	-1.09098248e-02
1.53200000e+02	0.00000000e+00	0.00000000e+00	-1.16119021e-02
1.53400000e+02	0.00000000e+00	0.00000000e+00	-1.23037325e-02
1.53600000e+02	0.00000000e+00	0.00000000e+00	-1.29840229e-02
1.53800000e+02	0.00000000e+00	0.00000000e+00	-1.36533039e-02
1.54000000e+02	0.00000000e+00	0.00000000e+00	-1.43119490e-02
1.54200000e+02	0.00000000e+00	0.00000000e+00	-1.49586255e-02
1.54400000e+02	0.00000000e+00	0.00000000e+00	-1.55936182e-02
1.54600000e+02	0.00000000e+00	0.00000000e+00	-1.62160697e-02
1.54800000e+02	0.00000000e+00	0.00000000e+00	-1.68252307e-02
1.55000000e+02	0.00000000e+00	0.00000000e+00	-1.74215268e-02
1.55200000e+02	0.00000000e+00	0.00000000e+00	-1.80031848e-02
1.55400000e+02	0.00000000e+00	0.00000000e+00	-1.85697079e-02
1.55600000e+02	0.00000000e+00	0.00000000e+00	-1.91208526e-02
1.55800000e+02	0.00000000e+00	0.00000000e+00	-1.96551479e-02
1.56000000e+02	0.00000000e+00	0.00000000e+00	-2.01728142e-02
1.56200000e+02	0.00000000e+00	0.00000000e+00	-2.06727171e-02
1.56400000e+02	0.00000000e+00	0.00000000e+00	-2.11539202e-02
1.56600000e+02	0.00000000e+00	0.00000000e+00	-2.16169655e-02
1.56800000e+02	0.00000000e+00	0.00000000e+00	-2.20605601e-02
1.57000000e+02	0.00000000e+00	0.00000000e+00	-2.24846937e-02
1.57200000e+02	0.00000000e+00	0.00000000e+00	-2.28897244e-02
1.57400000e+02	0.00000000e+00	0.00000000e+00	-2.32746218e-02
1.57600000e+02	0.00000000e+00	0.00000000e+00	-2.36402237e-02
1.57800000e+02	0.00000000e+00	0.00000000e+00	-2.39864667e-02
1.58000000e+02	0.00000000e+00	0.00000000e+00	-2.43130794e-02
1.58200000e+02	0.00000000e+00	0.00000000e+00	-2.46213119e-02
1.58400000e+02	0.00000000e+00	0.00000000e+00	-2.49106253e-02
1.58600000e+02	0.00000000e+00	0.00000000e+00	-2.51816030e-02
1.58800000e+02	0.00000000e+00	0.00000000e+00	-2.54353380e-02
1.59000000e+02	0.00000000e+00	0.00000000e+00	-2.56710906e-02
1.59200000e+02	0.00000000e+00	0.00000000e+00	-2.58901395e-02
1.59400000e+02	0.00000000e+00	0.00000000e+00	-2.60928559e-02
1.59600000e+02	0.00000000e+00	0.00000000e+00	-2.62788172e-02
1.59800000e+02	0.00000000e+00	0.00000000e+00	-2.64492519e-02
1.60000000e+02	0.00000000e+00	0.00000000e+00	-2.66036917e-02
1.60200000e+02	0.00000000e+00	0.00000000e+00	-2.67424626e-02
1.60400000e+02	0.00000000e+00	0.00000000e+00	-2.68661821e-02
1.60600000e+02	0.00000000e+00	0.00000000e+00	-2.69738757e-02
1.60800000e+02	0.00000000e+00	0.00000000e+00	-2.70663164e-02
1.61000000e+02	0.00000000e+00	0.00000000e+00	-2.71431717e-02
1.61200000e+02	0.00000000e+00	0.00000000e+00	-2.72036361e-02
1.61400000e+02	0.00000000e+00	0.00000000e+00	-2.72485870e-02
1.61600000e+02	0.00000000e+00	0.00000000e+00	-2.72770024e-02
1.61800000e+02	0.00000000e+00	0.00000000e+00	-2.72885982e-02
1.62000000e+02	0.00000000e+00	0.00000000e+00	-2.72836988e-02
1.62200000e+02	0.00000000e+00	0.00000000e+00	-2.72609711e-02
1.62400000e+02	0.00000000e+00	0.00000000e+00	-2.72211350e-02
1.62600000e+02	0.00000000e+00	0.00000000e+00	-2.71639055e-02
1.62800000e+02	0.00000000e+00	0.00000000e+00	-2.70883046e-02
1.63000000e+02	0.00000000e+00	0.00000000e+00	-2.69951935e-02
1.63200000e+02	0.00000000e+00	0.00000000e+00	-2.68838815e-02
1.63400000e+02	0.00000000e+00	0.00000000e+00	-2.67545600e-02
1.63600000e+02	0.00000000e+00	0.00000000e+00	-2.66080688e-02
1.63800000e+02	0.00000000e+00	0.00000000e+00	-2.64435243e-02
1.64000000e+02	0.00000000e+00	0.00000000e+00	-2.62619609e-02
1.64200000e+02	0.00000000e+00	0.00000000e+00	-2.60638604e-02
1.64400000e+02	0.00000000e+00	0.00000000e+00	-2.58489758e-02
1.64600000e+02	0.00000000e+00	0.00000000e+00	-2.56189002e-02
1.64800000e+02	0.00000000e+00	0.00000000e+00	-2.53736236e-02
1.65000000e+02	0.00000000e+00	0.00000000e+00	-2.51136002e-02
1.65200000e+02	0.00000000e+00	0.00000000e+00	-2.48402795e-02
1.65400000e+02	0.00000000e+00	0.00000000e+00	-2.45535384e-02
1.65600000e+02	0.00000000e+00	0.00000000e+00	-2.42547232e-02
1.65800000e+02	0.00000000e+00	0.00000000e+00	-2.39444658e-02
1.66000000e+02	0.00000000e+00	0.00000000e+00	-2.36227355e-02
1.66200000e+02	0.00000000e+00	0.00000000e+00	-2.32913133e-02
1.66400000e+02	0.00000000e+00	0.00000000e+00	-2.29499206e-02
1.66600000e+02	0.00000000e+00	0.00000000e+00	-2.25990376e-02
1.66800000e+02	0.00000000e+00	0.00000000e+00	-2.22400233e-02
1.67000000e+02	0.00000000e+00	0.00000000e+00	-2.18721660e-02
1.67200000e+02	0.00000000e+00	0.00000000e+00	-2.14964130e-02
1.67400000e+02	0.00000000e+00	0.00000000e+00	-2.11131002e-02
1.67600000e+02	0.00000000e+00	0.00000000e+00	-2.07215890e-02
1.67800000e+02	0.00000000e+00	0.00000000e+00	-2.03231355e-02
1.68000000e+02	0.00000000e+00	0.00000000e+00	-1.99171134e-02
1.68200000e+02	0.00000000e+00	0.00000000e+00	-1.95033350e-02
1.68400000e+02	0.00000000e+00	0.00000000e+00	-1.90827088e-02
1.68600000e+02	0.00000000e+00	0.00000000e+00	-1.86542049e-02
1.68800000e+02	0.00000000e+00	0.00000000e+00	-1.82184985e-02
1.69000000e+02	0.00000000e+00	0.00000000e+00	-1.77756476e-02
1.69200000e+02	0.00000000e+00	0.00000000e+00	-1.73248327e-02
1.69400000e+02	0.00000000e+00	0.00000000e+00	-1.68672861e-02
1.69600000e+02	0.00000000e+00	0.00000000e+00	-1.64025114e-02
1.69800000e+02	0.00000000e+00	0.00000000e+00	-1.59304378e-02
1.70000000e+02	0.00000000e+00	0.00000000e+00	-1.54521684e-02
1.70200000e+02	0.00000000e+00	0.00000000e+00	-1.49671470e-02
1.70400000e+02	0.00000000e+00	0.00000000e+00	-1.44762545e-02
1.70600000e+02	0.00000000e+00	0.00000000e+00	-1.39800626e-02
1.70800000e+02	0.00000000e+00	0.00000000e+00	-1.34783044e-02
1.71000000e+02	0.00000000e+00	0.00000000e+00	-1.29726303e-02
1.71200000e+02	0.00000000e+00	0.00000000e+00	-1.24630540e-02
1.71400000e+02	0.00000000e+00	0.00000000e+00	-1.19499861e-02
1.71600000e+02	0.00000000e+00	0.00000000e+00	-1.14350053e-02
1.71800000e+02	0.00000000e+00	0.00000000e+00	-1.09177192e-02
1.72000000e+02	0.00000000e+00	0.00000000e+00	-1.03994752e-02
1.72200000e+02	0.00000000e+00	0.00000000e+00	-9.88139598e-03
1.72400000e+02	0.00000000e+00	0.00000000e+00	-9.36298627e-03
1.72600000e+02	0.00000000e+00	0.00000000e+00	-8.84586727e-03
1.72800000e+02	0.00000000e+00	0.00000000e+00	-8.33029895e-03
1.73000000e+02	0.00000000e+00	0.00000000e+00	-7.81656805e-03
1.73200000e+02	0.00000000e+00	0.00000000e+00	-7.30611849e-03
1.73400000e+02	0.00000000e+00	0.00000000e+00	-6.79827288e-03
1.73600000e+02	0.00000000e+00	0.00000000e+00	-6.29388271e-03
1.73800000e+02	0.00000000e+00	0.00000000e+00	-5.79375599e-03
1.74000000e+02	0.00000000e+00	0.00000000e+00	-5.29722086e-03
1.74200000e+02	0.00000000e+00	0.00000000e+00	-4.80543404e-03
1.74400000e+02	0.00000000e+00	0.00000000e+00	-4.31818455e-03
1.74600000e+02	0.00000000e+00	0.00000000e+00	-3.83518911e-03
1.74800000e+02	0.00000000e+00	0.00000000e+00	-3.35757423e-03
1.75000000e+02	0.00000000e+00	0.00000000e+00	-2.88436990e-03
1.75200000e+02	0.00000000e+00	0.00000000e+00	-2.41612797e-03
1.75400000e+02	0.00000000e+00	0.00000000e+00	-1.95341416e-03
1.75600000e+02	0.00000000e+00	0.00000000e+00	-1.49517009e-03
1.75800000e+02	0.00000000e+00	0.00000000e+00	-1.04235764e-03
1.76000000e+02	0.00000000e+00	0.00000000e+00	-5.94708621e-04
1.76200000e+02	0.00000000e+00	0.00000000e+00	-1.52080979e-04
1.76400000e+02	0.00000000e+00	0.00000000e+00	2.84473745e-04
1.76600000e+02	0.00000000e+00	0.00000000e+00	7.15997845e-04
1.76800000e+02	0.00000000e+00	0.00000000e+00	1.14190636e-03
1.77000000e+02	0.00000000e+00	0.00000000e+00	1.56133253e-03
1.77200000e+02	0.00000000e+00	0.00000000e+00	1.97523759e-03
1.77400000e+02	0.00000000e+00	0.00000000e+00	2.38251904e-03
1.77600000e+02	0.00000000e+00	0.00000000e+00	2.78302884e-03
1.77800000e+02	0.00000000e+00	0.00000000e+00	3.17713817e-03
1.78000000e+02	0.00000000e+00	0.00000000e+00	3.56356654e-03
1.78200000e+02	0.00000000e+00	0.00000000e+00	3.94287832e-03
1.78400000e+02	0.00000000e+00	0.00000000e+00	4.31461246e-03
1.78600000e+02	0.00000000e+00	0.00000000e+00	4.67782256e-03
1.78800000e+02	0.00000000e+00	0.00000000e+00	5.03325838e-03
1.79000000e+02	0.00000000e+00	0.00000000e+00	5.37984905e-03
1.79200000e+02	0.00000000e+00	0.00000000e+00	5.71756317e-03
1.79400000e+02	0.00000000e+00	0.00000000e+00	6.04681735e-03
1.79600000e+02	0.00000000e+00	0.00000000e+00	6.36618044e-03
1.79800000e+02	0.00000000e+00	0.00000000e+00	6.67629366e-03
1.80000000e+02	0.00000000e+00	0.00000000e+00	6.97702494e-03
1.80200000e+02	0.00000000e+00	0.00000000e+00	7.26764955e-03
1.80400000e+02	0.00000000e+00	0.00000000e+00	7.54898876e-03
1.80600000e+02	0.00000000e+00	0.00000000e+00	7.81998128e-03
1.80800000e+02	0.00000000e+00	0.00000000e+00	8.08073432e-03
1.81000000e+02	0.00000000e+00	0.00000000e+00	8.33207917e-03
1.81200000e+02	0.00000000e+00	0.00000000e+00	8.57281927e-03
1.81400000e+02	0.00000000e+00	0.00000000e+00	8.80367907e-03
1.81600000e+02	0.00000000e+00	0.00000000e+00	9.02453790e-03
1.81800000e+02	0.00000000e+00	0.00000000e+00	9.23476276e-03
1.82000000e+02	0.00000000e+00	0.00000000e+00	9.43560040e-03
1.82200000e+02	0.00000000e+00	0.00000000e+00	9.62608683e-03
1.82400000e+02	0.00000000e+00	0.00000000e+00	9.80626913e-03
1.82600000e+02	0.00000000e+00	0.00000000e+00	9.97706002e-03
1.82800000e+02	0.00000000e+00	0.00000000e+00	1.01373527e-02
1.83000000e+02	0.00000000e+00	0.00000000e+00	1.02878270e-02
1.83200000e+02	0.00000000e+00	0.00000000e+00	1.04287239e-02
1.83400000e+02	0.00000000e+00	0.00000000e+00	1.05593219e-02
1.83600000e+02	0.00000000e+00	0.00000000e+00	1.06804700e-02
1.83800000e+02	0.00000000e+00	0.00000000e+00	1.07915206e-02
1.84000000e+02	0.00000000e+00	0.00000000e+00	1.08926191e-02
1.84200000e+02	0.00000000e+00	0.00000000e+00	1.09845666e-02
1.84400000e+02	0.00000000e+00	0.00000000e+00	1.10662334e-02
1.84600000e+02	0.00000000e+00	0.00000000e+00	1.11383093e-02
1.84800000e+02	0.00000000e+00	0.00000000e+00	1.12009548e-02
1.85000000e+02	0.00000000e+00	0.00000000e+00	1.12533921e-02
1.85200000e+02	0.00000000e+00	0.00000000e+00	1.12967540e-02
1.85400000e+02	0.00000000e+00	0.00000000e+00	1.13304231e-02
1.85600000e+02	0.00000000e+00	0.00000000e+00	1.13542713e-02
1.85800000e+02	0.00000000e+00	0.00000000e+00	1.13691659e-02
1.86000000e+02	0.00000000e+00	0.00000000e+00	1.13741901e-02
1.86200000e+02	0.00000000e+00	0.00000000e+00	1.13701155e-02
1.86400000e+02	0.00000000e+00	0.00000000e+00	1.13571587e-02
1.86600000e+02	0.00000000e+00	0.00000000e+00	1.13345278e-02
1.86800000e+02	0.00000000e+00	0.00000000e+00	1.13034540e-02
1.87000000e+02	0.00000000e+00	0.00000000e+00	1.12634721e-02
1.87200000e+02	0.00000000e+00	0.00000000e+00	1.12144792e-02
1.87400000e+02	0.00000000e+00	0.00000000e+00	1.11576003e-02
1.87600000e+02	0.00000000e+00	0.00000000e+00	1.10920274e-02
1.87800000e+02	0.00000000e+00	0.00000000e+00	1.10185302e-02
1.88000000e+02	0.00000000e+00	0.00000000e+00	1.09375487e-02
1.88200000e+02	0.00000000e+00	0.00000000e+00	1.08482763e-02
1.88400000e+02	0.00000000e+00	0.00000000e+00	1.07521082e-02
1.88600000e+02	0.00000000e+00	0.00000000e+00	1.06489070e-02
1.88800000e+02	0.00000000e+00	0.00000000e+00	1.05387187e-02
1.89000000e+02	0.00000000e+00	0.00000000e+00	1.04224100e-02
1.89200000e+02	0.00000000e+00	0.00000000e+00	1.02993566e-02
1.89400000e+02	0.00000000e+00	0.00000000e+00	1.01706257e-02
1.89600000e+02	0.00000000e+00	0.00000000e+00	1.00366368e-02
1.89800000e+02	0.00000000e+00	0.00000000e+00	9.89676465e-03
1.90000000e+02	0.00000000e+00	0.00000000e+00	9.75235142e-03
1.90200000e+02	0.00000000e+00	0.00000000e+00	9.60318810e-03
1.90400000e+02	0.00000000e+00	0.00000000e+00	9.44928995e-03
1.90600000e+02	0.00000000e+00	0.00000000e+00	9.29186922e-03
1.90800000e+02	0.00000000e+00	0.00000000e+00	9.13018752e-03
1.91000000e+02	0.00000000e+00	0.00000000e+00	8.96496188e-03
1.91200000e+02	0.00000000e+00	0.00000000e+00	8.79672949e-03
1.91400000e+02	0.00000000e+00	0.00000000e+00	8.62488341e-03
1.91600000e+02	0.00000000e+00	0.00000000e+00	8.45062171e-03
1.91800000e+02	0.00000000e+00	0.00000000e+00	8.27364392e-03
1.92000000e+02	0.00000000e+00	0.00000000e+00	8.09372482e-03
1.92200000e+02	0.00000000e+00	0.00000000e+00	7.91196943e-03
1.92400000e+02	0.00000000e+00	0.00000000e+00	7.72756267e-03
1.92600000e+02	0.00000000e+00	0.00000000e+00	7.54104322e-03
1.92800000e+02	0.00000000e+00	0.00000000e+00	7.35292398e-03
1.93000000e+02	0.00000000e+00	0.00000000e+00	7.16233668e-03
1.93200000e+02	0.00000000e+00	0.00000000e+00	6.97017452e-03
1.93400000e+02	0.00000000e+00	0.00000000e+00	6.77615576e-03
1.93600000e+02	0.00000000e+00	0.00000000e+00	6.58001359e-03
1.93800000e+02	0.00000000e+00	0.00000000e+00	6.38271788e-03
1.94000000e+02	0.00000000e+00	0.00000000e+00	6.18335665e-03
1.94200000e+02	0.00000000e+00	0.00000000e+00	5.98233855e-03
1.94400000e+02	0.00000000e+00	0.00000000e+00	5.78006840e-03
1.94600000e+02	0.00000000e+00	0.00000000e+00	5.57580138e-03
1.94800000e+02	0.00000000e+00	0.00000000e+00	5.37067143e-03
1.95000000e+02	0.00000000e+00	0.00000000e+00	5.16415237e-03
1.95200000e+02	0.00000000e+00	0.00000000e+00	4.95595121e-03
1.95400000e+02	0.00000000e+00	0.00000000e+00	4.74739379e-03
1.95600000e+02	0.00000000e+00	0.00000000e+00	4.53765436e-03
1.95800000e+02	0.00000000e+00	0.00000000e+00	4.32727528e-03
1.96000000e+02	0.00000000e+00	0.00000000e+00	4.11692320e-03
1.96200000e+02	0.00000000e+00	0.00000000e+00	3.90598817e-03
1.96400000e+02	0.00000000e+00	0.00000000e+00	3.69558887e-03
1.96600000e+02	0.00000000e+00	0.00000000e+00	3.48563408e-03
1.96800000e+02	0.00000000e+00	0.00000000e+00	3.27608909e-03
1.97000000e+02	0.00000000e+00	0.00000000e+00	3.06843756e-03
1.97200000e+02	0.00000000e+00	0.00000000e+00	2.86207505e-03
1.97400000e+02	0.00000000e+00	0.00000000e+00	2.65757385e-03
1.97600000e+02	0.00000000e+00	0.00000000e+00	2.45577735e-03
1.97800000e+02	0.00000000e+00	0.00000000e+00	2.25615363e-03
1.98000000e+02	0.00000000e+00	0.00000000e+00	2.06003335e-03
1.98200000e+02	0.00000000e+00	0.00000000e+00	1.86750463e-03
1.98400000e+02	0.00000000e+00	0.00000000e+00	1.67838827e-03
1.98600000e+02	0.00000000e+00	0.00000000e+00	1.49387784e-03
1.98800000e+02	0.00000000e+00	0.00000000e+00	1.31344185e-03
1.99000000e+02	0.00000000e+00	0.00000000e+00	1.13764753e-03
1.99200000e+02	0.00000000e+00	0.00000000e+00	9.67154106e-04
1.99400000e+02	0.00000000e+00	0.00000000e+00	8.01154359e-04
1.99600000e+02	0.00000000e+00	0.00000000e+00	6.40694281e-04
1.99800000e+02	0.00000000e+00	0.00000000e+00	4.85548876e-04
2.00000000e+02	0.00000000e+00	0.00000000e+00	3.35191517e-04
2.00200000e+02	0.00000000e+00	0.00000000e+00	1.90690876e-04
2.00400000e+02	0.00000000e+00	0.00000000e+00	5.10202668e-05
2.00600000e+02	0.00000000e+00	0.00000000e+00	-8.37080885e-05
2.00800000e+02	0.00000000e+00	0.00000000e+00	-2.12889355e-04
2.01000000e+02	0.00000000e+00	0.00000000e+00	-3.37927957e-04
2.01200000e+02	0.00000000e+00	0.00000000e+00	-4.58140695e-04
2.01400000e+02	0.00000000e+00	0.00000000e+00	-5.73778634e-04
2.01600000e+02	0.00000000e+00	0.00000000e+00	-6.85729541e-04
2.01800000e+02	0.00000000e+00	0.00000000e+00	-7.93338123e-04
2.02000000e+02	0.00000000e+00	0.00000000e+00	-8.97705500e-04
2.02200000e+02	0.00000000e+00	0.00000000e+00	-9.98625206e-04
2.02400000e+02	0.00000000e+00	0.00000000e+00	-1.09574886e-03
2.02600000e+02	0.00000000e+00	0.00000000e+00	-1.19052850e-03
2.02800000e+02	0.00000000e+00	0.00000000e+00	-1.28225328e-03
2.03000000e+02	0.00000000e+00	0.00000000e+00	-1.37103819e-03
2.03200000e+02	0.00000000e+00	0.00000000e+00	-1.45761542e-03
2.03400000e+02	0.00000000e+00	0.00000000e+00	-1.54108766e-03
2.03600000e+02	0.00000000e+00	0.00000000e+00	-1.62229266e-03
2.03800000e+02	0.00000000e+00	0.00000000e+00	-1.70098209e-03
2.04000000e+02	0.00000000e+00	0.00000000e+00	-1.77645007e-03
2.04200000e+02	0.00000000e+00	0.00000000e+00	-1.84969529e-03
2.04400000e+02	0.00000000e+00	0.00000000e+00	-1.91965874e-03
2.04600000e+02	0.00000000e+00	0.00000000e+00	-1.98627045e-03
2.04800000e+02	0.00000000e+00	0.00000000e+00	-2.04998152e-03
2.05000000e+02	0.00000000e+00	0.00000000e+00	-2.10944340e-03
2.05200000e+02	0.00000000e+00	0.00000000e+00	-2.16526125e-03
2.05400000e+02	0.00000000e+00	0.00000000e+00	-2.21707938e-03
2.05600000e+02	0.00000000e+00	0.00000000e+00	-2.26380664e-03
2.05800000e+02	0.00000000e+00	0.00000000e+00	-2.30638130e-03
2.06000000e+02	0.00000000e+00	0.00000000e+00	-2.34383941e-03
2.06200000e+02	0.00000000e+00	0.00000000e+00	-2.37580682e-03
2.06400000e+02	0.00000000e+00	0.00000000e+00	-2.40286664e-03
2.06600000e+02	0.00000000e+00	0.00000000e+00	-2.42379200e-03
2.06800000e+02	0.00000000e+00	0.00000000e+00	-2.43920396e-03
2.07000000e+02	0.00000000e+00	0.00000000e+00	-2.44923995e-03
2.07200000e+02	0.00000000e+00	0.00000000e+00	-2.45311825e-03
2.07400000e+02	0.00000000e+00	0.00000000e+00	-2.45177944e-03
2.07600000e+02	0.00000000e+00	0.00000000e+00	-2.44453796e-03
2.07800000e+02	0.00000000e+00	0.00000000e+00	-2.43168058e-03
2.08000000e+02	0.00000000e+00	0.00000000e+00	-2.41435280e-03
2.08200000e+02	0.00000000e+00	0.00000000e+00	-2.39155149e-03
2.08400000e+02	0.00000000e+00	0.00000000e+00	-2.36438407e-03
2.08600000e+02	0.00000000e+00	0.00000000e+00	-2.33336684e-03
2.08800000e+02	0.00000000e+00	0.00000000e+00	-2.29803693e-03
2.09000000e+02	0.00000000e+00	0.00000000e+00	-2.25979675e-03
2.09200000e+02	0.00000000e+00	0.00000000e+00	-2.21848561e-03
2.09400000e+02	0.00000000e+00	0.00000000e+00	-2.17466335e-03
2.09600000e+02	0.00000000e+00	0.00000000e+00	-2.12957626e-03
2.09800000e+02	0.00000000e+00	0.00000000e+00	-2.08234988e-03
2.10000000e+02	0.00000000e+00	0.00000000e+00	-2.03419154e-03
2.10200000e+02	0.00000000e+00	0.00000000e+00	-1.98585145e-03
2.10400000e+02	0.00000000e+00	0.00000000e+00	-1.93676968e-03
2.10600000e+02	0.00000000e+00	0.00000000e+00	-1.88835353e-03
2.10800000e+02	0.00000000e+00	0.00000000e+00	-1.84020863e-03
2.11000000e+02	0.00000000e+00	0.00000000e+00	-1.79240113e-03
2.11200000e+02	0.00000000e+00	0.00000000e+00	-1.74605423e-03
2.11400000e+02	0.00000000e+00	0.00000000e+00	-1.70022994e-03
2.11600000e+02	0.00000000e+00	0.00000000e+00	-1.65549164e-03
2.11800000e+02	0.00000000e+00	0.00000000e+00	-1.61210239e-03
2.12000000e+02	0.00000000e+00	0.00000000e+00	-1.56924668e-03
2.12200000e+02	0.00000000e+00	0.00000000e+00	-1.52773977e-03
2.12400000e+02	0.00000000e+00	0.00000000e+00	-1.48686623e-03
2.12600000e+02	0.00000000e+00	0.00000000e+00	-1.44616995e-03
2.12800000e+02	0.00000000e+00	0.00000000e+00	-1.40628789e-03
2.13000000e+02	0.00000000e+00	0.00000000e+00	-1.36593779e-03
2.13200000e+02	0.00000000e+00	0.00000000e+00	-1.32544933e-03
2.13400000e+02	0.00000000e+00	0.00000000e+00	-1.28488322e-03
2.13600000e+02	0.00000000e+00	0.00000000e+00	-1.24297013e-03
2.13800000e+02	0.00000000e+00	0.00000000e+00	-1.20047095e-03
2.14000000e+02	0.00000000e+00	0.00000000e+00	-1.15660833e-03
2.14200000e+02	0.00000000e+00	0.00000000e+00	-1.11076659e-03
2.14400000e+02	0.00000000e+00	0.00000000e+00	-1.06386592e-03
2.14600000e+02	0.00000000e+00	0.00000000e+00	-1.01487789e-03
2.14800000e+02	0.00000000e+00	0.00000000e+00	-9.64236765e-04
2.15000000e+02	0.00000000e+00	0.00000000e+00	-9.12138466e-04
2.15200000e+02	0.00000000e+00	0.00000000e+00	-8.57637522e-04
2.15400000e+02	0.00000000e+00	0.00000000e+00	-8.02071044e-04
2.15600000e+02	0.00000000e+00	0.00000000e+00	-7.45152997e-04
2.15800000e+02	0.00000000e+00	0.00000000e+00	-6.86598126e-04
2.16000000e+02	0.00000000e+00	0.00000000e+00	-6.27779056e-04
2.16200000e+02	0.00000000e+00	0.00000000e+00	-5.68304257e-04
2.16400000e+02	0.00000000e+00	0.00000000e+00	-5.08904885e-04
2.16600000e+02	0.00000000e+00	0.00000000e+00	-4.50334293e-04
2.16800000e+02	0.00000000e+00	0.00000000e+00	-3.92089780e-04
2.17000000e+02	0.00000000e+00	0.00000000e+00	-3.35658709e-04
2.17200000e+02	0.00000000e+00	0.00000000e+00	-2.81162871e-04
2.17400000e+02	0.00000000e+00	0.00000000e+00	-2.28798985e-04
2.17600000e+02	0.00000000e+00	0.00000000e+00	-1.79995990e-04
2.17800000e+02	0.00000000e+00	0.00000000e+00	-1.34282498e-04
2.18000000e+02	0.00000000e+00	0.00000000e+00	-9.25005832e-05
2.18200000e+02	0.00000000e+00	0.00000000e+00	-5.52563622e-05
2.18400000e+02	0.00000000e+00	0.00000000e+00	-2.18376146e-05
2.18600000e+02	0.00000000e+00	0.00000000e+00	6.35534861e-06
2.18800000e+02	0.00000000e+00	0.00000000e+00	2.93447940e-05
2.19000000e+02	0.00000000e+00	0.00000000e+00	4.76059962e-05
2.19200000e+02	0.00000000e+00	0.00000000e+00	6.02428402e-05
2.19400000e+02	0.00000000e+00	0.00000000e+00	6.81713685e-05
2.19600000e+02	0.00000000e+00	0.00000000e+00	7.12172443e-05
2.19800000e+02	0.00000000e+00	0.00000000e+00	6.89791485e-05
2.20000000e+02	0.00000000e+00	0.00000000e+00	6.26821347e-05
2.20200000e+02	0.00000000e+00	0.00000000e+00	5.18111742e-05
2.20400000e+02	0.00000000e+00	0.00000000e+00	3.71093079e-05
2.20600000e+02	0.00000000e+00	0.00000000e+00	1.95359328e-05
