(n, l, m)
(1, 0, 0): 2.45293726e-18	3.85853289e-10	-1.51791123e-09
(2, 0, 0): 2.24451710e-09	1.12307415e-05	-4.60259443e-05
(3, 0, 0): 5.67625033e-10	2.33302094e-05	4.82973716e-06
(4, 0, 0): 2.09969240e-07	-3.66842492e-04	-2.74583004e-04

(2, 1, 0): 9.99998048e-01	9.81459108e-01	-1.91666555e-01
(3, 1, 0): 5.66412096e-08	-1.94980194e-04	-1.36469533e-04
(4, 1, 0): 2.48747137e-09	4.93182890e-05	-7.42817194e-06

(3, 2, 0): 3.29106086e-07	9.16991412e-05	-5.66301469e-04
(4, 2, 0): 3.51993578e-08	1.87613980e-04	5.93664121e-07

(4, 3, 0): 1.32792916e-08	5.30521857e-05	-1.02297396e-04


