(n, l, m)
(1, 0, 0): 3.11481507e-26	1.73819945e-13	-3.05741269e-14
(2, 0, 0): 1.37927134e-20	-1.17227077e-10	-7.10814657e-12
(3, 0, 0): 5.00221072e-11	2.54661837e-06	-6.59824538e-06
(4, 0, 0): 5.66913966e-05	-1.45306391e-03	7.38782795e-03

(2, 1, 0): 2.50721710e-24	6.47393994e-13	-1.44502530e-12
(3, 1, 0): 7.63780069e-01	-8.70966837e-01	7.20890961e-02
(4, 1, 0): 1.39044837e-04	8.35564429e-03	-8.32033925e-03

(3, 2, 0): 3.72534890e-04	-7.45583664e-03	1.78029602e-02
(4, 2, 0): 7.00710866e-05	-7.36622554e-03	-3.97615491e-03

(4, 3, 0): 9.28973810e-05	-5.49900773e-03	-7.91569927e-03


